% Model:              Paper2_optimized_designs.mph
% Version:            COMSOL 6.3.0.420
% Date:               Dec 21 2025, 15:37
% Dimension:          1
% Nodes:              1044
% Expressions:        2
% Description:        Line graph
% Arc length (m)          abs(acpr.p_t)            abs(acpr.p_t)
0                         0.7037749270858478       0.902507969845934
0.00250325136367667       0.8948350888417822       0.6485119028554253
0.0025232785768564137     0.8963636252348419       0.6464800777419604
0.0025436288291526        0.8978295657901948       0.644335507216747
0.005046557153712841      1.0781213171937525       0.38060924268104035
0.0075097540910299965     1.2449902357660418       0.1113895339319066
0.007569783433625632      1.2490565930075326       0.10482884532199631
0.007631971453254338      1.2529291799016458       0.10647932307977223
0.010089390491185707      1.4059180267499576       0.1724963295956403
0.012579049984141902      1.544937434863111        0.44068677322823974
0.012609097799022986      1.546614916710654        0.44392369792314074
0.012640288618960799      1.5481560520357571       0.4472106104484641
0.015128805106860266      1.6711655806351384       0.7095043422181035
0.017078263933148166      1.7546871049991588       0.9054715556602434
0.017159650676888127      1.7581730025118367       0.9136528531753103
0.017242623413354544      1.7612035157959107       0.9214763067855376
0.019190496246916003      1.832395065424551        1.1052009864776338
0.02110113622209947       1.8901752878277014       1.2735024076230599
0.02125152034519749       1.89457917767279         1.2865766038326205
0.023646561104836566      1.9492568172738243       1.47648394995642
0.0237419453693105        1.9511759682227257       1.4837094273000484
0.026135778483480337      1.9855967771737366       1.6455182548418719
0.026232370393423465      1.98672396924314         1.6517052926900586
0.02862499586212415       2.000908358135712        1.7854438554229313
0.028742340607861794      2.0011615168345642       1.7913038417172327
0.03172418250188888       1.9898826790252198       1.912494290231231
0.03182578070379301       1.9890036216075946       1.9157884085089012
0.03481732735646867       1.9463564487719756       1.9832281629328772
0.034909220799724194      1.9445989241490718       1.9845444100108773
0.03791047221104847       1.8703801328952883       1.997882170225003
0.03799734375202696       1.867803932428386        1.9974639930807438
0.04124503580301353       1.7535410006865382       1.9481147339843952
0.041327664395545124      1.7502360464776332       1.9460856480743438
0.044580763691927705      1.604452062306474        1.8350830708141317
0.044657985039063264      1.600619661709564        1.8317252066762977
0.047916491580841894      1.423210470046767        1.6588646262369535
0.047989900347445075      1.4189136449139375       1.65435472082241
0.051353242547645644      1.207588012201128        1.418091408323612
0.05142414892235418       1.2028895935355033       1.412612792918857
0.05479028392209043       0.9697509084992356       1.131978828932284
0.05485839749726329       0.9647997118619771       1.1258221323860147
0.05822732529653518       0.7098120701730721       0.8007442159712591
0.058293477414370715      0.7046649946625478       0.7940824407178079
0.06171302477849466       0.43124106733676043      0.4351468111903541
0.06177857630732855       0.4259223680824213       0.42813422750995134
0.06519866139447147       0.1465802055700604       0.06040459685906358
0.06526367520028639       0.14125349104444018      0.058363088442772805
0.06868429801044829       0.1440687940961462       0.3232429373374278
0.06874905521725416       0.14944050525950028      0.33025870832646875
0.07218612242990843       0.432999457909445        0.69654530818135
0.07225279671129456       0.438405195421223        0.7033895771891276
0.07568794974165258       0.7099071118675688       1.0380212781502396
0.07575653820533496       0.7152304598004958       1.0444340734887327
0.07918977705339678       0.9746886012146277       1.347445926551358
0.07926044522419534       0.9798172614091776       1.3531679980384381
0.08270033898148588       1.2191998154092258       1.606724647650127
0.08277378623144477       1.2240322044613945       1.6115027305677747
0.08621092162900246       1.4355773034923687       1.8029964979871367
0.0862871272386942        1.4399782406160986       1.806582520751058
0.08972150427651907       1.623730256648479        1.9361126926832721
0.08980057549182213       1.627564650151553        1.9382638926724902
0.09323711486156253       1.7771608446429188       1.995998209502397
0.09331848365413828       1.7802583378954449       1.9965033255397124
0.09675274360284777       1.8915691369361247       1.9820850464328972
0.09683639181645448       1.8938233017607617       1.9808478256526305
0.10026837234413302       1.966899395956549        1.8943726794459366
0.10035437991803428       1.9682077705420702       1.891319414099481
0.10378605081362399       1.9998154599343383       1.7346481466773362
0.10387409891689176       2.0000892185919263       1.7298299304722036
0.10730369196827522       1.9902139193341357       1.514497106528809
0.10739381791574926       1.9894045138553222       1.5080211310798217
0.1108213331229265        1.938096468305808        1.2340979466340531
0.11091357864937956       1.9361625728147713       1.2261062953247837
0.11434037030352126       1.8440836309200312       0.9066597040990949
0.1144337260641125        1.8410550934706333       0.8975315362243783
0.11785952363594654       1.7121122786901846       0.5519487216121893
0.11795387347884545       1.7080354893335434       0.5420009845078239
0.1213786769683719        1.542250211150162        0.170297168469563
0.12147403161594683       1.537179817249382        0.16147580553607954
0.12490314485490511       1.3387251702883172       0.2184390051566475
0.12499495031676286       1.3330456701168396       0.22843455079152167
0.1284275986626702        1.108959097497466        0.5922330890547327
0.1285158690175789        1.1028444324911635       0.6014608248133446
0.13195205247043534       0.8530735616160445       0.9507278718866662
0.13203686756121222       0.8466847264082528       0.9589085307365172
0.13547292259218138       0.5789718591748728       1.272666870967393
0.1355583570722054        0.5721742321230431       1.2798699419233452
0.13899354366148095       0.2954919333391193       1.5423209681635508
0.13907984658319855       0.28839816755343656      1.5483102460977305
0.14251416473078052       0.004380494354008569     1.7594798600219803
0.14260136873374027       0.004502396372419784     1.7640026990466844
0.146040480265431         0.2905323507877882       1.9098786864069175
0.14612395076888302       0.29739005567077753      1.9125628232126035
0.149566941860191         0.5746314722442109       1.9875764868618893
0.1496465328040258        0.5809598214754443       1.9884939554126726
0.15309340345495098       0.8493921672217296       1.992485229282785
0.15316916507925074       0.8550919774668078       1.991747454437864
0.15661693633235743       1.1055216735745446       1.9213842704213089
0.15669183138407286       1.1107001480997203       1.9190935957779434
0.16014035000260382       1.3355929996394387       1.7812459001915242
0.16021449768889498       1.340169556069227        1.7775274059982
0.1636637636728502        1.5395144707850485       1.5721659548696298
0.1637371958074308        1.5434063662795716       1.5671617489982017
0.1671863256035261        1.7100492017316289       1.303209807662534
0.16725962119629847       1.7132012092788378       1.2971062608734236
0.1707088494959596        1.8426479005979388       0.991416485301121
0.17078204658516621       1.8450062207720868       0.9844355703055213
0.17423137338839312       1.9372546431805666       0.6370055770167975
0.17430450276552947       1.9387691127651179       0.6293844445469301
0.17775347528338126       1.9899096744918012       0.2583543432467825
0.17782643807015608       1.9905448199437403       0.2504250534774535
0.1812755360652039        1.9999459783224018       0.1254877250208559
0.18134837337478266       1.9996985484551661       0.13090933898650095
0.1847975968470264        1.9673572664153838       0.5066186442528134
0.18487033353508447       1.9662293046754384       0.5143393339719923
0.18831909649306755       1.8921922991260527       0.8709514313410863
0.18839171573193564       1.890214088892479        0.8781034076836551
0.1918405509002406        1.777816057561434        1.1969045132418812
0.1919130979287868        1.7750329141455712       1.2032538580430128
0.1953620053074137        1.6242722507223601       1.4842423881350593
0.19543450574693877       1.6207359269536556       1.48955836127282
0.1988832097782804        1.4355882583182542       1.7150545795832957
0.1989555354948026        1.431392433905282        1.719108856261674
0.20240438003114192       1.2185268883020226       1.879038992836456
0.2024765652426665        1.213759230510748        1.8817128859935608
0.2059255502840034        0.9731735501165567       1.9760715977950676
0.2059976207442994        0.9679275658296751       1.9772609563083177
0.20944673222152005       0.7067560842061896       1.9978678214136119
0.20951864026720923       0.7011631826388146       1.9975284668615407
0.21296788262070976       0.42817035609676196      1.9462524105778105
0.2130396597901189        0.4223418432907876       1.9444178063959547
0.21648903301989952       0.13752677549613995      1.8212533736865757
0.21656070758588525       0.13216384769753511      1.8179764493153292
0.220008394872177         0.15594983245260605      1.6270160641908844
0.220082306441096         0.16206901641135824      1.622289393493454
0.2235276719609401        0.4430833878441143       1.3768636140465491
0.22360390529630703       0.449254955246376        1.3707805002357552
0.22704694904970318       0.7237642813436338       1.0709629061772838
0.2271255318712757        0.7298512822911575       1.063656683145062
0.2305733289480561        0.9893307795247789       0.7235868871326764
0.2306467448864496        0.9946239365262074       0.7160802082405048
0.23409975725496263       1.231175811914744        0.3559172399331264
0.23416795790162326       1.2356323586920215       0.3485571160912276
0.23762618556186915       1.4491861686765832       0.0373012271459549
0.23768920698742518       1.452791897196816        0.03867798750613975
0.24114883230317247       1.6355647617447315       0.4178304133083891
0.24121118322947394       1.638539613854735        0.4245062119379901
0.24467144931065216       1.7854123770482024       0.7816682423162453
0.2447331594715228        1.7877158135306441       0.7878820077224188
0.24819406631813185       1.898675167008724        1.1230454723904644
0.2482551602668676        1.900270508422129        1.128583897154746
0.2517164049238307        1.9708171750254833       1.4216134844296457
0.2517773264763632        1.971686801190716        1.4262931459070152
0.25523871907237133       2.0005350152087233       1.6628139756350517
0.2552994926858588        2.0006703535266017       1.666489897353492
0.25876103322091204       1.9878165503388576       1.846497138124028
0.2588216822799388        1.9872134614121801       1.8490333055881065
0.262283197867983         1.9320589961352108       1.9598249756056554
0.26234397863828857       1.9307296740142241       1.9611259570470712
0.26580534032524367       1.8360333481183102       1.9994457991998162
0.26586627499663823       1.8340045121514308       1.9994743494625713
0.26932748278250435       1.6997698421213303       1.9653288078821263
0.26938859640489043       1.6970739241822013       1.9640628205364077
0.2728496333092234        1.526702114888899        1.8563325376289774
0.27291097979061296       1.5233976917480432       1.8538164027500994
0.27637176156092186       1.3231588993487111       1.6814185185918158
0.2764333631763356        1.3193088801737687       1.677740700301882
0.27989388981262026       1.0892075101977676       1.4406847508488188
0.279955773323669         1.084881218216735        1.435952890918657
0.28341604335427256       0.8316680558981323       1.1450530792902334
0.2834781132884778        0.8269733592368692       1.139466682033372
0.2869381716834727        0.5592275391963407       0.8128735373334474
0.28700045325328677       0.5542549665645339       0.806625286917086
0.2904603000126728        0.2719782684861751       0.44434317771104836
0.2905228197587253        0.26682425816725674      0.43764298106509164
0.2939822816848331        0.025430750011199856     0.058889271080561426
0.2940449209464054        0.026354690192621773     0.056999138513079195
0.2975042323905146        0.31078311456210156      0.3217779783267299
0.29756702213408565       0.31593363203642655      0.3285646121136123
0.30102618309619605       0.596814038032154        0.6974265665170368
0.3010891477412795        0.6018083602128339       0.7038977980040253
0.3045477178051194        0.8698989635158662       1.0464786119980347
0.30461089633526534       0.8746185777373832       1.0523639964142162
0.30806921733535736       1.121754776137819        1.3509940331952206
0.3081326449292512        1.126109034384964        1.3560969890662626
0.3115907168655953        1.3522938433195764       1.61078257563559
0.3116544175042158        1.3561891320078607       1.6149059118675604
0.31511174349959864       1.5535450533780495       1.8092101059426076
0.3151758830499388        1.5568920240921873       1.8121799045209797
0.318632737455258         1.7198763353312077       1.937950656411768
0.31869734859566173       1.722605987446312        1.9396618457701327
0.32215373141091735       1.851228059278366        1.9969178471470015
0.3222188400544555        1.8532712663695          1.9972758064343916
0.32567448288347123       1.9425239446239777       1.9798615014480991
0.32574008822455996       1.9438206998701932       1.9788313785599676
0.32919520575280664       1.9918320999783132       1.8907689818603632
0.32926133639466443       1.9923501436095084       1.888378361944947
0.332715928622142         1.999132801728389        1.7296893563830071
0.33278261223683187       1.998843577065916        1.725986431138307
0.3362366815267252        1.9631870446451314       1.502759343591531
0.33630362870357305       1.9620892642720877       1.4979014755950322
0.3397574070731489        1.8861401170331844       1.2249977191801147
0.3398246451703143        1.884253091843516        1.219151270669821
0.3432781326195726        1.768018118186169        0.8965792173321724
0.34334568951877736       1.7653677044753238       0.8899328457428916
0.3467990831781664        1.6116363573779648       0.5339968190129947
0.34686648395032393       1.6083033645797138       0.5268743227794663
0.3503200071497495        1.4228283168895621       0.15841574201912534
0.3503872783818705        1.4188835061836391       0.152805988639879
0.3538409311213327        1.2016623769506378       0.22991880539570703
0.3539080989374295        1.1971831942759512       0.2372425236580199
0.35736212455839445       0.9544742747486236       0.6095418514010781
0.3574287523567623        0.9496021772843787       0.6164845156572749
0.3608832921485111        0.689686418262676        0.9600639178361434
0.36094940577609513       0.6845233028266094       0.96640229717384
0.36440445973862784       0.4073955929627343       1.2812532079919883
0.364470083425546         0.4020477159821736       1.2867659761135897
0.36792578627791744       0.11627011910594492      1.5536792121154985
0.3679907502146404        0.11220528171015443      1.558137394009209
0.3714470874293606        0.17428459764623022      1.7644177535634826
0.37151141700373486       0.17960706096052728      1.7677029870289274
0.37496838858080367       0.46416384326024984      1.9133281955173855
0.37503210782949775       0.46931513344981274      1.9153341514590172
0.3784897197996732        0.744007111900417        1.989384352157237
0.3785529464984333        0.7488759111441151       1.9900539235953467
0.38201102634318723       1.0052152185503225       1.9913580691507793
0.3820737851673688        1.0097142416028135       1.9907022750582395
0.38553233288670136       1.247695901712033        1.9192406778293896
0.38559464955665584       1.2517377605139806       1.9172871411777472
0.3890537010059142        1.4631845985469678       1.774031731133402
0.3891157967082182        1.4666914734427243       1.7708702859816974
0.3925750465952209        1.64550800394476         1.5665924166849334
0.39263694385978076       1.6484195923136922       1.562349330687064
0.3960963921845276        1.7946020702580086       1.2970420020489908
0.3961581184042028        1.7968595415474844       1.2918619499820267
0.3996179326414811        1.9048675041667482       0.9780707060513156
0.39967961530129725       1.9064238207286621       0.9721644835288299
0.4031394520192051        1.973724615355359        0.6290881547933478
0.40320111219839166       1.974554881180841        0.6226622111107784
0.40666097139692914       2.001147978808187        0.2503004170315779
0.40672263774116635       2.0012308711916162       0.24357744685433924
0.4101828955240613        1.9852571346586028       0.1397485736935191
0.41024446214100635       1.9845920516911149       0.14480246444182346
0.41370479829117035       1.9275635151688586       0.5144118895703755
0.4137662865408462        1.9261697642323339       0.5209150483834507
0.4172267010582795        1.8280845681765188       0.8784793407173861
0.4172881391412027        1.825986924556196        0.8845266078293854
0.4207490661445155        1.6890094800474629       1.209134350461503
0.42081024129384437       1.6862694702476495       1.2144546423614435
0.4242714084806704        1.5156688839101689       1.489613663019314
0.42433234344648607       1.5123478529205314       1.4940421092778045
0.4277937508168252        1.3081194595990553       1.7197455419663372
0.427854471178078         1.3042848245845606       1.723121574542029
0.43131614786448585       1.072237302173049        1.8843575674805828
0.4313767558787834        1.0679779109934975       1.88655198766443
0.43483851924202316       0.8161403498758468       1.9770888142634575
0.43489904057948864       0.8115411663144934       1.9780440057653335
0.43836089061956046       0.5399125757619526       1.9978781254421623
0.4384213487886575        0.5350652643269208       1.9975491971366062
0.44188286563297846       0.2520217165894697       1.942549553585788
0.4419437377898901        0.24700423824568274      1.9409417949592027
0.44540481313839814       0.04167151861855505      1.8171913659025203
0.4454661267911226        0.04328959897719561      1.814353888067082
0.4489267606438179        0.3306477051981904       1.6218702150359392
0.44898853937015487       0.33571245979523434      1.6178733566694496
0.4524482182232073        0.6159061640656482       1.364798042136252
0.45251097637832677       0.6208597233887416       1.3597537507160682
0.45596964837862813       0.8851766603176053       1.0624672084062576
0.45603341338649844       0.8899184864604087       1.0565255415683097
0.45949107853404897       1.1383678523315703       0.7150535549919939
0.4595558757238279        1.1427889534619737       0.7083948550089882
0.4630122237492143        1.3669091705118595       0.3404312156006568
0.46307831432026686       1.3709048210565793       0.3332922733321437
0.46653334181086253       1.5641882341340363       0.04527896865861752
0.4666007529167063        1.5676637337307593       0.047279325359567706
0.470054459872511         1.7301338494495366       0.42568236859102904
0.470123218673899         1.7329894764339662       0.4330517926850954
0.47357567149767427       1.8586493346971429       0.7952825573152893
0.4736456473114889        1.8607844585756905       0.8023003443322747
0.47709685772906446       1.9465521180061807       1.1291728764744213
0.4771680759490787        1.9479028793821613       1.1355883101185045
0.48061804396045443       1.9938070291222123       1.4271279732425304
0.48069053395778644       1.9943109462222885       1.4326734280067601
0.4841396969263095        1.9979188038219147       1.670780571079814
0.48421299018027325       1.997536000821395        1.6751577299498643
0.487661327219621         1.9597573557941834       1.8489757070786448
0.4877354464027602        1.9584806886109984       1.852021573912155
0.49118295751293256       1.8793353659369636       1.9615811542503254
0.49125793433284987       1.8771648346978684       1.9631382588757196
0.4947054023963325        1.7582047714518902       1.9994838566774813
0.49478047995072355       1.7552039519773242       1.9994532628909947
0.4982278263076609        1.601151644199318        1.9635743527903498
0.498303025568597         1.5973803780628275       1.9619682561286327
0.5017502502189892        1.4082383038716295       1.8538699377229324
0.5018256037584725        1.403765349171736        1.850722159186357
0.505273642485208         1.1847631300265415       1.673466663824369
0.5053483167461417        1.1797500084365344       1.6689555460647174
0.5087970128412851        0.938542062040077        1.435063284382469
0.5088710297338108        0.9330973821914489       1.4293770496187566
0.5123203831973624        0.6696752590334039       1.1388264430225117
0.5123937741197295        0.6639137975428921       1.1321743874518115
0.5158444074023008        0.38624000169629935      0.7990957645067155
0.515916753901803         0.3803399537369741       0.7918156568205152
0.5193684054859513        0.09757667470333148      0.4362187649698582
0.5194397336838767        0.09402283065732923      0.42857781966324493
0.5228924035696021        0.1961995254824457       0.050449430285391075
0.5229627429801269        0.20201944832696234      0.04890836377566367
0.526416547367327         0.48574208188509826      0.3372743452823138
0.5264861036219697        0.491340228564235        0.34477747964141287
0.5299406624950569        0.7619898924025195       0.70567547780182
0.5300094642638125        0.7672657166542889       0.7127151315627616
0.5334647776227865        1.0248366733491623       1.054502743357492
0.533532853512731         1.029687805510644        1.0608329269341843
0.5369887606653361        1.2654669977792512       1.3631103337399744
0.5370567805724331        1.2698288404546563       1.3685355415163405
0.5405127167134847        1.4768085833504627       1.616265454280429
0.5405807076321354        1.480601937578862        1.620615151133961
0.544036672761633         1.65878174792823         1.8137966547233515
0.5441046644136125        1.6619258363338507       1.8169030229010483
0.5475607231821775        1.8048103643813669       1.9421598685235668
0.5476295900706545        1.8072609394088541       1.9439161402827756
0.5510847533548984        1.9111187875135496       1.9971160595538842
0.5511545157276967        1.9128139968347644       1.9974409394995714
0.5546087835276192        1.9776653751136923       1.9786212659863132
0.554679474674914         1.9785443201133648       1.9774482582894037
0.5581339318453775        2.001349335295281        1.884618494614633
0.5582063471236622        2.001369188623022        1.8819303577197528
0.5616590753310862        1.9824010038848245       1.7232756131005136
0.5617332195724105        1.981524534328762        1.719108765002618
0.5651842188167953        1.9208249743262296       1.4946950100467775
0.5652601332883658        1.9190218149018552       1.4891193925033228
0.5687127825300693        1.8174690292053033       1.2087599542459355
0.568790882694399         1.8147271648873256       1.2019196882994645
0.5722413762966971        1.6766231879382882       0.8836122936487882
0.5723216321004319        1.672954018466614        0.8756965184764236
0.5757699700633252        1.4983445990031368       0.5194888008693375
0.5758524432468795        1.4937715358743637       0.5107298906685197
0.5793065824552797        1.2869874123820373       0.13459628415070776
0.5793906901800348        1.2816180503789976       0.12865893224867334
0.5828433063786107        1.0503987818988016       0.2483166902701515
0.58292893711319          1.0443238979744103       0.25761891750975474
0.586380030301942         0.7886911224907104       0.6289302402469054
0.5864673363372488        0.7820024559257543       0.638008454767402
0.5899348514601526        0.5082911259326328       0.9871574130436089
0.5900168850682572        0.5016941404014991       0.9949428120368622
0.5934899808702381        0.21987467704243502      1.302131003612056
0.5935664337992652        0.2135576924861795       1.308450720280391
0.5970451102803236        0.07889104027004354      1.5735414915652512
0.5971159199183431        0.08227940311027765      1.578301281474742
0.6006418079143487        0.3744254273039788       1.785992339729862
0.6006890610266478        0.378278535551791        1.7882995718258736
0.6042391373404918        0.6610386296753717       1.9264676550571158
0.6042622021349529        0.6628453752948482       1.92713289522464
0.6076693743821286        0.9232916841019486       1.9916473272026147
0.6078353317386891        0.9359791874851612       1.9947957764043507
0.6078364435153998        0.9360611169564966       1.9948054435784803
0.6114823753228709        1.1931603485908218       1.9827814528531724
0.6115544572242422        1.197985159940624        1.9818234380589985
0.615129436147261         1.4203675829277973       1.8935028183213445
0.6152724709330843        1.4287528009081014       1.8885398063376144
0.6187764969716512        1.617597865248834        1.7269603761459782
0.6189838868123907        1.6277993281308423       1.7155799961853269
0.622766722038743         1.7898611184495272       1.4629560130956492
0.623196435831368         1.8060216297935057       1.4312619699166966
0.6267770695256667        1.9121135313294153       1.1352148716276236
0.627408984850345         1.9275295005346202       1.0785607541499127
0.6307874170125904        1.982994483025653        0.745519915966106
0.6314224463527742        1.9907385062103051       0.6813447756564016
0.6324244757101309        1.9946831517067394       0.5749720641296345
0.6341534158713145        2.001406646915429        0.3914578807174178
0.6366260611526182        1.986534309148142        0.12435201456418463
0.6371388518929446        1.9837491932386087       0.06899389988758682
0.6374974089864094        1.9782507793978314       0.08483046844400198
0.6401242879145743        1.9354306472819172       0.25918899430773945
0.6417103505185462        1.895065053570858        0.4301254179532561
0.6430364513997335        1.8595345674727821       0.5725874166887088
0.6449997254125084        1.791184231920743        0.7727927517821682
0.645958688397654         1.7565114000778426       0.8698038624162905
0.6488794209806183        1.6272562002076258       1.1470120109875597
0.6489017677237874        1.6262379024933649       1.1491063449945358
0.6489270614966434        1.6249198044216593       1.1512666737679553
0.6509969047524855        1.5182770739665692       1.3298144147061233
0.6528855034687842        1.4114597158674052       1.4760479043020207
0.6530920417811836        1.3995996841099747       1.4917985067674795
0.6533184011074413        1.3854613167845775       1.5070614862056153
0.6557506431954061        1.2331039563589608       1.6697352290955396
0.6568926469716068        1.1558878130991301       1.7331919749925744
0.6583604563412493        1.0549665651722147       1.8100098971721201
0.6595202044063753        0.9713956006766259       1.8576354587754047
0.6609702694870923        0.8652488865931713       1.91249776439744
0.6621477618411438        0.7751653551167879       1.9437775322647806
0.6637192403538721        0.6535419173780066       1.9782565931848244
0.6656502253766627        0.4993297442843456       1.9967008446135843
0.666239439913            0.4518686000286701       1.9994927523321722
0.6676128210256329        0.3399025463445062       1.9893656257254548
0.6687444380481409        0.24781432774782014      1.9826258912962018
0.6693816509701689        0.19506423311426854      1.97067639263068
0.6712312316029028        0.04126450098970713      1.928360876744979
0.6721654617761403        0.03751062956465167      1.8988259123100155
0.6739174237190819        0.18213196896026546      1.8290730713770484
0.674228165564442         0.20786456351907967      1.8157246200611667
0.6746677878829253        0.24379191810791806      1.79267966911245
0.6765780130909018        0.4001370934673273       1.6937860695351272
0.6781005427066318        0.5228145508555853       1.595393815988723
0.6790056353922296        0.5956452636721017       1.5370315028465131
0.6796969773165502        0.6497411057093099       1.4856890160102314
0.6807963435887019        0.7359195467554428       1.403862067280504
0.6820733952788753        0.8327949927120457       1.2996307480631033
0.6825909507508656        0.8719926388427388       1.2574556432477264
0.6832252503799294        0.9184151450390692       1.2012207194432063
0.6843952515130598        1.0042013217055403       1.0973489773179441
0.6852795851748379        1.0664834184449061       1.013921981844049
0.6859018790724691        1.1102226122519472       0.9553090739074157
0.6865152602413775        1.1514193665462047       0.8951505163003396
0.6874949395778007        1.2172451647004183       0.7986784428457349
0.6887172597355407        1.295239127524693        0.6732578342297555
0.6891473525103751        1.3227352674593502       0.6292923614991774
0.6894517947483467        1.3411305778033644       0.5973270873794807
0.6905147392693194        1.4052256044226523       0.4851898579363997
0.6916667786943931        1.4706346698313386       0.36189425494703065
0.6918860681999286        1.4831158088854781       0.3384924280643302
0.6921152915879207        1.4953389234497527       0.3136498221327763
0.6932784864892809        1.5573080985907866       0.18714004292861386
0.6942374419522972        1.6051578126707493       0.08234270222566294
0.6943319825079441        1.6098106612140568       0.07280069596652625
0.6946561626318957        1.6247232663926185       0.0813041897814965
0.6957541160087048        1.6755470894011362       0.0835139348969513
0.6960743118339539        1.6893395932865711       0.1183624495332894
0.6971762495094651        1.735263128181197        0.23852982296836434
0.6976415532223597        1.7533852972859205       0.288768861849466
0.6985865661873631        1.7882693219258665       0.39063080318373217
0.698804520866031         1.7958574415914574       0.41383884993964204
0.6994517833630045        1.8169805021632972       0.48239366657787486
0.6999075423767434        1.832040521667726        0.5307764625456396
0.7000704848234156        1.8370457163977192       0.5479196367132381
0.7010105638874558        1.8639993476139711       0.6454554525670678
0.7015678573360162        1.8786814691013984       0.7027474762210373
0.702355350235722         1.8973879029136325       0.7820636028385941
0.7026849587377524        1.9047762412014024       0.8150715461725561
0.7034012518258252        1.9186011275638035       0.8849482529189465
0.7037322935469292        1.9251393444668397       0.9173441433978983
0.7038846252776405        1.9276734643029427       0.9318569097633845
0.7047796283561061        1.9415230396401526       1.0165130486937768
0.7052101515079578        1.947051201821147        1.0561492350728046
0.7056573265688955        1.9521297441496452       1.0968834365365505
0.7062481736010533        1.9576170157617505       1.149375918110957
0.7067584986605664        1.9611795924336977       1.193705092891925
0.7072469459841295        1.9639202111888754       1.2353220244354088
0.7081139160968082        1.965980838029083        1.3064444976653053
0.7082457183672053        1.9663693366348014       1.3173333997093215
0.7083199752132878        1.9663480636754702       1.3232330027848553
0.7090414626236494        1.9655597551252177       1.3796844703593867
0.7097029382810278        1.962609359569477        1.429080368523294
0.7099327399412769        1.961548515031775        1.4461238376680727
0.7102395824508763        1.9589845454429253       1.4675809245140472
0.7108217013243963        1.9543642892936774       1.5085747439503208
0.7112443344461641        1.949442244341028        1.5365946486384148
0.7117094467854883        1.9439394408047512       1.5671546080479284
0.712472349153217         1.9321757653957077       1.6141530013421073
0.7125058472716816        1.9316325197595299       1.6161684544883563
0.712706656379495         1.9277107720080948       1.6274811499694763
0.713548166052655         1.9114992392390837       1.6751262732913497
0.7136885431054065        1.908329897044646        1.6825365025057137
0.7145904848336286        1.8866714042772006       1.7280449348801976
0.7147912586146776        1.881324515915341        1.7375843878428987
0.7153000704174219        1.8669055823064222       1.7604205991660788
0.7155682773265519        1.8588255247060663       1.7719545260579106
0.7160933415489814        1.8420196813729173       1.7930969603102713
0.7161311352084692        1.840767829882585        1.7945710637126837
0.7162067664851652        1.8380975500950472       1.7973024433000253
0.7166939930903868        1.8212370684417372       1.8151884946830366
0.716937464802299         1.8122801716222812       1.8234227944366639
0.7173187970163579        1.7976574185254859       1.8356660849003577
0.717527636526379         1.7894767886976406       1.8420411200707485
0.7178537523211259        1.7759743478896541       1.851221383237299
0.7179881236610219        1.7703931118999157       1.8548944092781494
0.7183887076258939        1.7528603990109568       1.8648926677626978
0.7184486107956645        1.7502306515196318       1.8663389568514992
0.7185980446199447        1.743276370339712        1.8695210510544626
0.7189287767216161        1.7280726102079584       1.876740490098983
0.7191146611633517        1.7189815426581103       1.8802013364674166
0.7194056919820637        1.7047799929966998       1.885466677182775
0.7196950151109982        1.6898978678061463       1.8898509838907205
0.7198805539426107        1.6803694425810396       1.8925681752315269
0.7201578076257302        1.6654144595950693       1.895852637677481
0.7202304613172279        1.661533441445417        1.8967495968032362
0.7202796026995952        1.6587861338695018       1.8972268193891237
0.720580368691845         1.6420720600533245       1.9000648600206964
0.7208661798391585        1.6254779119085376       1.9020088273604514
0.7209435568365239        1.620984794621044        1.9024870418364122
0.7212723421112186        1.601244371791527        1.903835261548651
0.7213800671668358        1.594695994111102        1.9041360915997003
0.7216630238212738        1.576953771277653        1.904383383065197
0.7218165774971479        1.5672107323693716       1.9043167284004452
0.7220537055313294        1.5517107468920956       1.9037588377539745
0.7222554977320343        1.5383766331539266       1.903001245028434
0.722552320431918         1.518066841110647        1.9012187205013
0.7227616968575519        1.5035357265015294       1.8995870181917813
0.7230338592342023        1.4839781220598107       1.896850762996538
0.7232678959830694        1.466931367481195        1.8940794026003756
0.7235153980364863        1.448295420018581        1.8905890868774147
0.7237834351562198        1.4277555673397049       1.886258427435025
0.7240146739067004        1.409447727939102        1.8819624578292005
0.7242523821113884        1.39048275465233         1.8772044474795857
0.7245962331252214        1.3619423786544145       1.8692727744939974
0.7247213290665575        1.3514828757795092       1.866207262142993
0.7251777923437424        1.3118475174944026       1.8536288281771263
0.7251884082605196        1.310921730480038        1.8533234934976057
0.7252148003174019        1.3085266839833143       1.8524759240117266
0.7256200416345164        1.2720354312991644       1.8397182115215118
0.7257888466753901        1.2561683070140472       1.8337689199093377
0.7260524591152802        1.2314335784574295       1.8243079346932367
0.7264013895467096        1.1973157053805277       1.8104723015030235
0.7264848765960437        1.1891664014281318       1.8071079622191029
0.7266329205071003        1.1740755211740863       1.8005307934086088
0.7269059815332259        1.146532062086392        1.7886669410981355
0.7270788713374268        1.1284252711985674       1.7805017658417541
0.727316175357096         1.1035989525328707       1.7691474948762207
0.727707957100258         1.0609874734429499       1.7488278273953892
0.7277187692404574        1.0598121624302168       1.748260646293716
0.727733291001827         1.058175051375484        1.7474411035812203
0.7281008989582138        1.0172916928679645       1.7272069937608299
0.7284044334354765        0.9824168978785093       1.7093506326026764
0.7284830286759703        0.9733814681304923       1.7046751783478535
0.7285782146858106        0.9620883488755941       1.6986524515667527
0.7288759327762977        0.9272400902722107       1.68025527474355
0.7291365737232651        0.8958412138273617       1.6631775661533394
0.7292545955362846        0.8815928405779805       1.6553666123113686
0.7293733175029531        0.8669270837482292       1.647115738387268
0.7296272977681422        0.8359671380340993       1.629867218555352
0.7298797802042902        0.8044819005081496       1.6118834008767693
0.7299999999999998        0.7893862421496174       1.6031889640590367
0.7301167164602744        0.7744987507050334       1.594432930101902
0.7303510801997779        0.7450341181502971       1.5772653346309413
0.7305731786574288        0.7168963314882477       1.560574844270951
0.730702160399556         0.7004152243727287       1.5507115973623522
0.7308382650971412        0.6828920986283586       1.5400454485506456
0.7310627596533605        0.6543224315097151       1.5228006839790003
0.7312920182171223        0.6250998518933756       1.5048553960717799
0.7314414424286673        0.6058461522745883       1.4929477364092232
0.731586283826072         0.5872587749856175       1.481269322680185
0.7318093752086086        0.5588991900712144       1.4635894589946927
0.7320395252522789        0.5297627696895559       1.445134162980108
0.7321773079885496        0.5120794329395038       1.433856252145098
0.7322933275215193        0.4973282376585565       1.4243001382008715
0.7325599940247742        0.46379674801719206      1.402775324305564
0.732922763541282         0.41880051172845145      1.3734277664908778
0.7329438169053846        0.41620909902887054      1.371751235857603
0.7329721157009279        0.4127706640508246       1.369490201740558
0.7333483468419453        0.366542108509034        1.3389364021083074
0.7336038340780893        0.3357446706378743       1.3182479226965707
0.7337650243572433        0.316425765343894        1.3053733386161646
0.7340605524133137        0.2816893181070104       1.2818430425849354
0.7341768203822172        0.2678801378686272       1.2724546251988942
0.7342417761189712        0.26032683265218565      1.267235860506453
0.7345767086582387        0.22160238415300446      1.2406776537319648
0.7348190256250271        0.1941076521266561       1.221516632335364
0.7349916155493188        0.17470188350509736      1.2080820404742554
0.7354205903219027        0.12734025521261377      1.1747132713842852
0.7354530607268464        0.12378450724512886      1.172221173073405
0.7355599930931824        0.11229191777530755      1.1640198907419839
0.7359145059043743        0.07394673002940033      1.1366386764135328
0.7359965893110487        0.06521078014163695      1.1302847441093973
0.7363846622906098        0.024432095002380003     1.1008146340270288
0.7364552877399977        0.021553060879768937     1.0954200313840436
0.7366737126324765        0.02171104047910235      1.079042248669924
0.7367975856100337        0.02063436550816784      1.0696819435917442
0.7368357244690147        0.021888527374300103     1.0668551981138503
0.7371398834800698        0.052645362464916814     1.0439846763747613
0.7372834113468245        0.06695999925870318      1.0334000540777417
0.7375846082337543        0.09666238976695289      1.01111251827206
0.7376168903693425        0.09984639599929128      1.0087314054071823
0.737681114007473         0.10607968248455685      1.004027434050936
0.737912390219728         0.12862643082077774      0.9869713427626703
0.7380286416539292        0.13977654315005617      0.9784580333371656
0.7382078900701132        0.15700003881158514      0.9653499187973605
0.73849008107265          0.18367697008804496      0.9448544373204435
0.7385468284971055        0.18905151004991255      0.9407407066462151
0.7386900612315197        0.2024014956439893       0.9304286229340276
0.7388857669240976        0.2207038777061394       0.9162626204629762
0.7389633036272156        0.22783841194308718      0.9106886947751052
0.7392441976918545        0.25372003533064375      0.8905263140809241
0.7394255196230326        0.27018235204288193      0.8775772928787677
0.7396210018375888        0.2879046494259721       0.8636747844827846
0.7398406484105133        0.307577179581847        0.848107805244013
0.7399978059833232        0.32163230264902753      0.8370160380478661
0.7402557771979941        0.3444210690209757       0.8188726202384479
0.7403678597646379        0.3543212865030951       0.8110028937687129
0.7405731967738798        0.3722508973189051       0.7966884299720393
0.7406207194964742        0.37640662011530385      0.7933595605053853
0.740655473186048         0.379412926703475        0.7909461608238859
0.740920407729363         0.4024037019438431       0.7724771534645722
0.7411743254576562        0.42419879207092714      0.7549297599253463
0.7412200959622517        0.42814013992449934      0.7517544211173619
0.741244332821394         0.4302114359433241       0.7500822924580166
0.741424160923436         0.445554920206984        0.7376642131122135
0.7415190807083512        0.45361859013879446      0.7311361622932322
0.7416282258846201        0.4628757328111648       0.7236227690999445
0.7417938285953083        0.47685994700452017      0.712269437089359
0.7418508672161284        0.48166097831646915      0.7083686541679214
0.7420396106203369        0.4975319239679993       0.6954219296476059
0.7421619318154968        0.5077594154258855       0.6870949764225636
0.7422725383906905        0.5170131157434183       0.6795090653115552
0.7424729964148651        0.5336887281626271       0.6658649284389108
0.7425054661610444        0.5363914769321959       0.663638317335634
0.742720998307367         0.5542621550071133       0.6489470534188888
0.7427908193667203        0.5600400388147314       0.6441727963604054
0.7429420651212901        0.5725167699323647       0.6338850685355757
0.7431294434972473        0.5879533810163959       0.6211062625347299
0.7431681865948554        0.5911488403963018       0.6184524426483047
0.7432177827482127        0.5952243038085319       0.6150531192464267
0.7434224225780883        0.612022272429071        0.6010675566404158
0.7435998546368252        0.6265613467733848       0.5889075872717539
0.7436501593446119        0.6306852385083415       0.5854470360953126
0.7436918363188316        0.6340992141698708       0.5825605572379544
0.7438663207843572        0.6483690950756569       0.570540083713767
0.7440381507324287        0.6624141319734005       0.5586545530799522
0.7440798893769873        0.6658271105420057       0.5557500786796771
0.7441372029176978        0.6705141276926919       0.5517422212472822
0.7442503500113842        0.6797512887794845       0.5438661039949746
0.744297208633544         0.6835781876372538       0.5406000158020786
0.74449290055253          0.6995725795290586       0.5267912588202144
0.7447036569190757        0.7168061619378447       0.5118782695758637
0.7447627810184951        0.7216408835642065       0.5076333088336479
0.7449514253838259        0.7370554818986025       0.494153260798897
0.7450450080535114        0.7447420060167602       0.4872949240326598
0.7451721821923913        0.7551460996202508       0.4781332403288779
0.7454290671575152        0.7762789695865011       0.4591493639777619
0.7454306548029375        0.776409155269587        0.45903235563251654
0.7454319717107571        0.7765179120817451       0.45893257623166006
0.7456891274134836        0.7976903132835096       0.4396886850236757
0.7459048401790267        0.8155769503752283       0.42309988378712093
0.7459461737089594        0.8189964541530056       0.4199573783560304
0.745996030536185         0.8231464582861918       0.4160712326028858
0.746159303295665         0.8367044310692651       0.4033433035373123
0.7463176425400695        0.8499443161640212       0.3907161920762672
0.7463849078831064        0.855552926075294        0.3854059469374132
0.7464542690715872        0.8613764077769541       0.37980593713602717
0.746610512470548         0.8744671709464396       0.3671586079642132
0.7467605222479918        0.8871199912917784       0.35480186052984153
0.7468117912405579        0.8914435898631203       0.35053673838256594
0.7469881426710283        0.9064029539001224       0.33569861891022623
0.7470173900245354        0.9088826425454639       0.3332127592792137
0.7471444752852798        0.9197372939257151       0.32225374143434504
0.7472535512615015        0.9290338062755146       0.31289513600335084
0.7472754151020724        0.930910119037021        0.3109947249325451
0.747451206369633         0.9459819224529675       0.2955598200527669
0.7475284433301443        0.952655953031611        0.2886823852437119
0.7476488614777645        0.9630514897602509       0.27785372419990356
0.7477814715582161        0.9745887695981215       0.2657641474170694
0.7478701031693684        0.9823177338585426       0.2575630667615483
0.7479919151831793        0.9929619458374819       0.24627383184767623
0.7481699194972782        1.00863484588526         0.2293833389525832
0.7481974878373048        1.0110653501743785       0.22676707680585653
0.7482576223439668        1.0164070060128654       0.22092732099226497
0.74840306049143          1.0292749702776915       0.20690742325628067
0.7484538641808152        1.0337827997274858       0.20192848664251087
0.7485809890246213        1.045203144397382        0.18921323303577833
0.7486823111151932        1.0542487822597912       0.1791958450041888
0.7487466702721068        1.0600676248045908       0.17267432922526116
0.7490365120209221        1.0862799966975298       0.14296576443830294
0.7492548787261555        1.106348573615839        0.11985419519618026
0.749390712926651         1.1188355265495753       0.10531890869803712
0.749703117074171         1.1480122494353342       0.0708461608982427
0.7497452818640997        1.15192890300876         0.06624125735661948
0.7497575091786408        1.1530802313476054       0.06487209759125362
0.7501049935985047        1.1859705385416435       0.0252294360970188
0.750128097967161         1.1881690564826917       0.023595199745281646
0.7504692081968998        1.2209729216526701       0.017739739180147325
0.7504986867556813        1.2238226511507864       0.021253845914302832
0.7508334227952949        1.2565207564004721       0.062177770769915035
0.7508600642665992        1.2591170376941172       0.06542240131933191
0.7510703535453944        1.280018265640631        0.09205750352888324
0.7512535611649407        1.298177935888528        0.11517286310305921
0.751277966233713         1.3006468521986971       0.11837573279177575
0.7516449687584819        1.3375493155029534       0.16611210909994834
0.7517215131938491        1.345402341602799        0.17645621445086726
0.752036376352023         1.3775124780854908       0.2186389527023558
0.752198277631188         1.3943533306723728       0.24115343881404314
0.7524647105522151        1.4217906580063462       0.2776781182774396
0.7527482689520337        1.4516413475425478       0.31809834228685824
0.7528650803350283        1.4637473502210923       0.3343946529965588
0.7531776539701778        1.4968578660957241       0.37970791598686626
0.753265450117842         1.5061400753972165       0.39241100007566637
0.7533163194927417        1.5116201084545249       0.4000247310763463
0.7537777826042413        1.560565078549497        0.46772075651090195
0.7541690345944814        1.6025051601931852       0.5265023376152873
0.7542697970201357        1.613167847926478        0.541383460805053
0.7543811500626296        1.625034394816001        0.5581261960661104
0.7546961568857515        1.6587717705161213       0.6058857908082764
0.7551075366822915        1.7025854666929663       0.6683132490294987
0.7551698434232155        1.7093110620725114       0.6779433916865357
0.7555253250139076        1.7470528864146948       0.73217866194333
0.7555827655793721        1.7532215941669889       0.7410708600954082
0.7559431133455239        1.7912817215577501       0.796137465375599
0.755995687735528         1.7968988985874146       0.8042893177154651
0.7560447764901088        1.8021065599022577       0.811892827672805
0.7563885358273872        1.8381895274674114       0.8644425757810617
0.7564348658259172        1.843058745074271        0.8715902104191887
0.7567813839192459        1.8790889090970346       0.9243480509782827
0.7568249551617259        1.8836251345948516       0.9310432119107456
0.7573771386924801        1.9403460555619836       1.014713999741602
0.7574768535980414        1.950599530181072        1.029927855970837
0.7577711211791365        1.9803744301428896       1.0741686808361859
0.7579411457844787        1.997604459594159        1.099864169220374
0.7581651036657926        2.0199316322567005       1.1332107543394594
0.758405437970916         2.043928770151705        1.1691846119032583
0.7586776386039125        2.070634558587347        1.2093477313250265
0.7588733314853195        2.089891619290243        1.2383497981859355
0.7592204522054977        2.1235421328189457       1.2892559664171608
0.759254345947372         2.1268152750038687       1.2942074988974903
0.7592734538934656        2.1286325937133297       1.2969693720819582
0.7596353604094246        2.163216877790945        1.3495234922841792
0.7600270044948423        2.20006758856102         1.405816793315331
0.7601896679138904        2.2152691416091344       1.4290499701603225
0.7606717774510199        2.2595386830952737       1.4970615708398902
0.7607464809447679        2.2663513816695047       1.5075368268730218
0.7609914079651312        2.288287324937743        1.5414659926671386
0.761320024892365         2.3177620515808193       1.587040656707326
0.7614353379002299        2.327902150422803        1.602785632570582
0.7617266805505136        2.353403446026934        1.642425973065456
0.7619873760340767        2.3758018009438455       1.677386911047921
0.7621834468238737        2.392657053935973        1.7036855871046068
0.7626302767259492        2.4301024525152313       1.7624077316084363
0.7627297142991962        2.4384453704658107       1.7754908335917126
0.7627549654382826        2.4405179261056222       1.7787582367518975
0.7631837200425955        2.475540172511039        1.8339394257311448
0.7632098139683237        2.47763081879667         1.837249932239727
0.7636377257859948        2.511746512269968        1.891241144241548
0.7636646624983652        2.513851949401605        1.894590493960591
0.7641781523810169        2.5536340205809394       1.9578022946921936
0.7642207575871034        2.5568879042862145       1.9629974566117823
0.7644628858769522        2.57516926247483         1.9921402392082788
0.7645786638501268        2.583836054922121        2.0060078484831765
0.7647476193728882        2.5963365451528064       2.025978606265235
0.7649365701131501        2.610194400115374        2.0482026088063865
0.7652561658247563        2.6331709617488785       2.085085949033803
0.7652983280504497        2.6362189917208356       2.0899666171822777
0.7654255946760435        2.6451596674643305       2.104335180281899
0.76560462272881          2.6577352533341814       2.124559764824816
0.7656601449704452        2.66160636164222         2.1308121489731184
0.7658808155592245        2.6767470277389487       2.1551954870370436
0.7660182823499648        2.6861029322620276       2.1703433480970165
0.7662567479817552        2.701951521655654        2.195969371885659
0.7664012379479392        2.711577585063809        2.21149971109032
0.7665967600976074        2.724144410961441        2.231821623217523
0.7668315197708027        2.7392622265484143       2.2563447447699487
0.7670050060857745        2.7500269070847594       2.273851821597209
0.7672618015936659        2.7659652038746687       2.299679247243271
0.7675582635713907        2.783706818525228        2.328486420754707
0.7675891028834338        2.7855572082359332       2.3315019290992733
0.7676079156134554        2.786647002268581        2.333281138753266
0.7679164041732018        2.8045189641211157       2.36230990205007
0.7681348786463755        2.816723273983662        2.3821677959910166
0.76825903462081          2.8236401260301998       2.3933493273495356
0.7685498936237871        2.839258828617237        2.418729070250745
0.7686055253241175        2.8422228785625894       2.4235020578768376
0.7689346830252182        2.859078634050818        2.4507883197764
0.7689520160274255        2.859958978805398        2.4521998419145388
0.7691088287761483        2.8675987345068514       2.464515377557605
0.769290938983817         2.8764958375879          2.478872957196285
0.7693073281779053        2.8772813503771832       2.480150095741875
0.7693330589937242        2.8784658843149176       2.4820589855116957
0.7696008727951318        2.890890767857508        2.502007777896003
0.7698406241100184        2.901376162981464        2.5187363433816357
0.769898894616962         2.9039396266951307       2.522806138318736
0.769981769531584         2.9073651119402197       2.528203802021562
0.7701969164387923        2.9163203833067044       2.54243040394001
0.7702976279313785        2.9202512823417264       2.548623430988985
0.7704206491183123        2.9250889418018695       2.55619954437122
0.7706355448910942        2.9330177315892394       2.568498628674319
0.7706460175134793        2.9334060256879595       2.569096753777132
0.7706639442339249        2.934022447337609        2.5700352277204193
0.7709111632185717        2.942665047749597        2.583325050216638
0.7710389920816776        2.946797624572148        2.589593802583283
0.7711571668098156        2.950618474242029        2.5953350830593616
0.7713883047403425        2.9574540434827887       2.605414985135484
0.7714028403311906        2.9578926419920823       2.606069703015002
0.7714153024469164        2.958236010581243        2.6065696616181206
0.7716433817788697        2.9644963090704097       2.6156131547431887
0.7717834550947271        2.96798362541157         2.6205179010512047
0.7718972548070862        2.9707779627966397       2.624382781668407
0.7720679781119546        2.9744337222577357       2.6291754203121114
0.7721610757404234        2.9765205087011974       2.631994858324327
0.7722231321969173        2.9777165550841787       2.633508735921241
0.772424896673761         2.98155314782315         2.638279516010966
0.7726315084301021        2.984836061606203        2.641985983700798
0.7727923358319111        2.987184907145563        2.644401222438426
0.7730133396094019        2.989734571487719        2.6464893131674936
0.7731421443943547        2.9911063437540246       2.6474480809802894
0.7733775193589985        2.992805777560549        2.6477224536759576
0.7734653444402431        2.9933961536632836       2.647725216775563
0.773596335559398         2.993751897094084        2.6467206883460586
0.7737766406336768        2.9944560042255532       2.645793919902714
0.7740187002349339        2.9942776060263308       2.6423525460511037
0.7740879368271114        2.99424476165075         2.6414100884530782
0.7741395096993731        2.993980890715255        2.640239942212049
0.7744507349740128        2.9926629583301336       2.6337622494074386
0.7747351930057154        2.989983016172404        2.624973072224336
0.7748139640222209        2.9892704772271417       2.6226048981256254
0.7750152062829239        2.986420074762138        2.614543880885962
0.7751756652860533        2.9842748105537775       2.6083948202678036
0.7752379454720277        2.983133595444036        2.6054144221146145
0.7755354685260627        2.9777492790781173       2.5913087978280553
0.7757406434550067        2.9729790113159424       2.579540489686088
0.7759182543155538        2.9688634770388544       2.5693701472524677
0.7762782517083648        2.9585908167726425       2.5450781119475345
0.7763125170961307        2.9576104141396637       2.5427542959847385
0.7764067619076063        2.954408373410773        2.535399940137522
0.7767067798767073        2.944478908815685        2.512565954504474
0.7768235002841166        2.9399762223045496       2.5024694764518998
0.7770834921322305        2.929970065400264        2.4799722065362673
0.7773987643605031        2.916077970289389        2.4493679205219965
0.7774586010569196        2.9134568988216007       2.4435754508106085
0.7775667645908535        2.908108872730498        2.431936657003433
0.7778254826791928        2.8956121134381405       2.404768894815202
0.7779899647893753        2.8867312781518244       2.3857234719545177
0.7781824967520627        2.8764362791676827       2.3635771564677883
0.7784132622722739        2.8627823794350458       2.3345216188937377
0.778544005064975         2.8552163383558984       2.318456095121884
0.7786378549339956        2.8492181187919545       2.3058513500934605
0.7789137282494201        2.8318216516341304       2.26916444519114
0.7792239298613399        2.8104317611720755       2.224430169462394
0.7792851734084696        2.806284137099236        2.2157843848808723
0.7793515532237172        2.8014072983878116       2.205693361430342
0.7796439635232024        2.780195936638804        2.161680407681751
0.7799328164000463        2.7576576124207035       2.1151879694160067
0.7799999999999998        2.7524818309528047       2.1045507081029506
0.7800630416666363        2.747307593562652        2.093976225524661
0.7803379639007217        2.7249815480397723       2.04822383021384
0.7806228491445399        2.700554488338036        1.9984403233653925
0.7806798453636647        2.6957072653612864       1.9885993190083808
0.7807298333730806        2.6912151185877953       1.979525134030891
0.7810427532755357        2.6634589623796994       1.9233088270413554
0.7813176725053481        2.637892441267152        1.8717583819054568
0.7814011676590962        2.6301449561039894       1.8562099563632621
0.781525830088502         2.6181369085158233       1.8321950261483617
0.7817464448694635        2.597060748193778        1.7899742401571799
0.7819245073555017        2.5794315604343696       1.7547809845140865
0.7820847158841755        2.563578210174341        1.7232716756037743
0.7823664941096453        2.534945705678775        1.6665116876679855
0.7824046178827992        2.5310903743754767       1.6588621176562446
0.7824207658178821        2.5294179683081044       1.6555515244500194
0.7827922300087853        2.4907634594134977       1.579450759967749
0.7829861749309015        2.4701492138801484       1.538949827788294
0.7831834416874104        2.44899641740934         1.4976301220755879
0.7834184794012509        2.423434363981308        1.4477442144467219
0.7835134982858278        2.4130055613233132       1.4275236513449547
0.7837794605895283        2.383538055368641        1.3703722164835106
0.7839286020771385        2.366750473210635        1.3380343831411463
0.7842402265008508        2.3315552184509265       1.270235856014053
0.7846966132129316        2.2790056210711422       1.1697786864539805
0.7846996288437038        2.278658315588528        1.1691143809879305
0.7847018001169628        2.278404598651832        1.1686309124943586
0.7850169242633491        2.2415305640869168       1.0986365454143874
0.7852592592150347        2.212783240636683        1.0442932830058735
0.7854843282135489        2.1859656469445112       0.9938134574155728
0.7857653465332954        2.152053000433124        0.9302795578069951
0.7859659806602168        2.127737950678563        0.8849070210612187
0.7862714338515564        2.0902539758758705       0.8152807362100345
0.7864476331068848        2.068541077860096        0.7751063692998612
0.7868347834654217        2.0202908759242972       0.6863270763526123
0.7868879154033706        2.01365664607131         0.674147334497438
0.7871460517936073        1.9810902675699844       0.614708692048756
0.7872488209630217        1.968126793286467        0.5910437451729685
0.7872699738315785        1.965431115460086        0.5861511365617801
0.7876097265226731        1.9221235676995243       0.507630645349657
0.7878552165928181        1.8904590389270477       0.45068045252091243
0.7881253500572842        1.8556141866660214       0.3880416313197331
0.7883560354080887        1.8254695761214257       0.33440751925151363
0.7886409735918951        1.788245025428896        0.2681412858767911
0.7889746373398612        1.74409340668381         0.19033706450461374
0.789121158596717         1.724716054833122        0.1561793019825904
0.7891720967076743        1.7179466499122336       0.14430574015418537
0.7893161696220619        1.6986745617681396       0.11067550569369626
0.7895766745302539        1.6638284911660142       0.04986253926278597
0.7896869110647595        1.648933489824782        0.0568836776252942
0.7900116156670756        1.6051254505513344       0.05167396117666344
0.7903059040260538        1.565022315311594        0.12038887296370628
0.7904465568038967        1.5458837475262792       0.153219151084673
0.7905407217856348        1.532974813191963        0.17518701661595276
0.790795797500893         1.4979427994683199       0.2347069876702783
0.7909551285381387        1.475950189758404        0.2718366473461903
0.7911450381978895        1.449689082094609        0.31610189606632816
0.7913695352906422        1.4184899669340325       0.36835991359656584
0.7917289877299607        1.3682620660104545       0.4519123576864326
0.7918957956580643        1.3449264603553672       0.49066683756439866
0.7920264660224456        1.3265387007166567       0.520953285035689
0.7922878604279266        1.2896919523543413       0.5815024569909915
0.7926215448054257        1.2423802214746773       0.6586124590456304
0.7926799251977892        1.2341101956313656       0.6721069658138585
0.792712729223495         1.2294387994953737       0.6796658352245828
0.7931842778807296        1.1621233926486023       0.7881907388926489
0.7932142583167718        1.1578234188884797       0.7950646806490843
0.7935422298410835        1.1105617403756738       0.8699868064671135
0.7940039526531804        1.044051687510222        0.9755051204849774
0.7940810771229074        1.0328714899858484       0.9930037846227311
0.7947936469895893        0.929169557304152        1.1540290771324833
0.7950026790786633        0.8985572755704601       1.200922318960885
0.7953429279263957        0.8486588815451774       1.2770719783872755
0.7957191914298227        0.7932187442538584       1.3605945280039033
0.7958848684174484        0.7687604874936836       1.3972437913388016
0.7966413173338063        0.6566543385666265       1.562922619849707
0.7966636838031509        0.6533310218118203       1.567781962892342
0.7967852335027703        0.635200769349036        1.5939240058835082
0.7974424991888533        0.5371896780877977       1.7353927576354016
0.7975163473904188        0.526153593959367        1.751166754739337
0.7980183868121198        0.45093801770149405      1.857365286981292
0.7980793956778294        0.4417896577427548       1.8702134432847848
0.7982378329739639        0.41796336701015774      1.9030428798334196
0.7988645532185921        0.3237425438516611       2.0332136097137843
0.7995572281869097        0.21936347343539442      2.17360852661203
0.7996497107593543        0.20542261616921564      2.192302368411525
0.7997333873798149        0.19277985927396796      2.2087964787052656
0.8004099871223995        0.09056308688945143      2.3425532740398545
0.8007110410486138        0.05532409659350639      2.4007445814117077
0.8013949458402065        0.05835432191920965      2.5312092140777795
0.8015362752125899        0.07971065862937238      2.5575640518427205
0.8021357545895265        0.17021477601533155      2.667446173437583
0.8023697705835373        0.20554700513897806      2.7104296811541224
0.802425926965392         0.21402057092699325      2.720502025355169
0.8032252031336382        0.33452274752702416      2.861371203177952
0.8034229168530069        0.36427809744652684      2.8954496445418054
0.8039460464651114        0.44288088282141425      2.9837799915985053
0.8039882189738812        0.4492174003188043       2.9909048773096467
0.8040048109070732        0.4516998497216908       2.993596802501863
0.804673081856146         0.5517283492778016       3.102475043462316
0.804959119442908         0.5943617013961698       3.1471604331621856
0.8053579447384109        0.6538316476854146       3.2097378664359937
0.8056264537280202        0.6936932247796527       3.250318075539174
0.8059095290274276        0.7356869378795834       3.292838346469538
0.8062689416133717        0.7887716938549127       3.345110945191124
0.8064611133164443        0.817134619854771        3.372882765298553
0.8069114294987234        0.8833049951625531       3.4358127830233527
0.8071810232241354        0.9227210131022805       3.472191701266018
0.8076313991405593        0.9884817691603065       3.532351989206728
0.808158180699349         1.0648467954675995       3.599342281015229
0.8082341470535077        1.075840077861675        3.608890694613085
0.8082990950681084        1.0851708175389845       3.6166379366471277
0.8088368949664559        1.1625373834817194       3.6814076100019424
0.8092798915079511        1.22566450414547         3.7314670562306773
0.8098620551572955        1.3083088425783869       3.7955435159482063
0.8102008696664544        1.355827048046327        3.829963409862099
0.8111198930312391        1.483727253522379        3.9185393950847613
0.8116409921875838        1.5552430798732209       3.9640407072666246
0.8124925922310375        1.6706497816863268       4.031955313111765
0.8130807989469502        1.7490600780826364       4.073341493251118
0.8138694266219246        1.8526902423805918       4.122714282328955
0.8145201487947438        1.936568513059552        4.157190742832424
0.8152606274640202        2.0304152839939236       4.190412733431385
0.8159857423608041        2.1203789232366557       4.215886624134702
0.8166647031319529        2.202963114140281        4.234040913951699
0.8175287477239959        2.305229337609797        4.247671870107283
0.8182922399281598        2.3935374238443234       4.253078393541868
0.8191385689812316        2.4880944142039905       4.248875383105506
0.8197718627837762        2.5574187612216113       4.241421383450533
0.8205233349007508        2.636554694366933        4.223361813717199
0.8210912416244356        2.695376240064684        4.206966759070934
0.8225480681155004        2.8378946691923685       4.142206776942837
0.8227383358404343        2.8562466617750846       4.133076142087893
0.8231193257275646        2.8901213150157394       4.107791118330171
0.8243854300564328        3.0033767393525928       4.0255021885380575
0.825017727128665         3.055168556947105        3.9727862548206767
0.8257822008314009        3.117470844081624        3.9082762639284194
0.8262918662428402        3.155261570982507        3.8570487575857952
0.8280912443314845        3.28262889893707         3.662906498177846
0.8285809736562284        3.3130886001197384       3.6022461487543658
0.8305689846781672        3.4260146238234004       3.337772594823826
0.8308700810696164        3.4405324229120526       3.292907662344209
0.8330467250248497        3.5337427531266887       2.9486182894754003
0.8331476159101447        3.5372359446760946       2.931442655690368
0.8353997792002159        3.601071007853422        2.5276032998151523
0.835476120885057         3.6026770454025976       2.5132517997272417
0.8377683079028859        3.6340528239688608       2.065141731657645
0.8378046258599692        3.6342845958989343       2.057726580208092
0.8399175360880817        3.632240131123803        1.6104713592091293
0.8401328020654308        3.6320453157129986       1.5649146168877535
0.840136648903639         3.6320171680769633       1.564081885302278
0.8404924926425337        3.6263080942602675       1.484704146839972
0.8425593722443239        3.5932321508365312       1.0237102362088502
0.8425817912766942        3.5927197955885166       1.018637548062049
0.8449816581123606        3.5184698103423386       0.4703443427429115
0.8450303511982558        3.5166297008190677       0.45906231874634196
0.8474039439803975        3.4077397526266573       0.10875280558542505
0.8474804545801262        3.403714896548641        0.11398814181574093
0.850059095601092         3.24651023659216         0.715207628233887
0.8501147707264336        3.2427576234863693       0.7280380630278213
0.8527191799692018        3.0466594488962304       1.3139824572626202
0.852749086872741         3.0442150827758114       1.3206301609797266
0.8553792643373113        2.8084848487616325       1.890878310894198
0.8553835952841147        2.8080709035047584       1.8917870758240205
0.855959448296975         2.748747017530734        2.007585052491521
0.8582004991225485        2.5179348461608324       2.4583071069095053
0.8582177441348398        2.516052719344691        2.4615869193044477
0.8610172326938133        2.195600349581841        2.9600914760322525
0.8610561526295393        2.190905993925997        2.966596478498029
0.8638339662650782        1.841058325947206        3.397210041666516
0.863899772068156         1.8324465885792407       3.4063327962479875
0.8664488437441473        1.489376200362674        3.7293140811350742
0.866496295397504         1.482793029635753        3.7344176003463065
0.8690535205324541        1.1235461507366655       3.98139849120269
0.8690928187268516        1.1178624152327035       3.984441276620072
0.8716581973207611        0.7423428889255043       4.154930546198403
0.8716981384124716        0.7363984468499154       4.1565438458366355
0.8739866126767923        0.39472773305162057      4.237150076043903
0.8762935342914739        0.04788476170832181      4.2501885510782955
0.876302869945808         0.046481277548902654     4.250229433830382
0.8763121309473731        0.047633856398197505     4.249996134425992
0.878619127214824         0.3041383952342019       4.194944588244695
0.8803338848670825        0.562069793155094        4.1095262203343115
0.8803395348759802        0.5629201394056711       4.109252065596244
0.8803452222407468        0.5637632110583343       4.108857968686624
0.882059942537136         0.8177471072837144       3.9879452782045384
0.883763400171599         1.066199984817714        3.832445058145671
0.8837974688447738        1.0711204065327615       3.8290321332988917
0.885501677840508         1.3142516400909814       3.6394505124426453
0.8872171544659047        1.552059281045062        3.4166913055608235
0.8872228443392542        1.552849407832749        3.415957507198488
0.8872284968402586        1.5536115069269043       3.4151233384448085
0.8889440108380013        1.7845311718856989       3.1604596576987642
0.8917847112033326        2.146213983053368        2.6768114261439417
0.8918054999123084        2.1488674941362294       2.6732867512982352
0.8918265951347306        2.1513179512452223       2.66927762593807
0.8946669889866152        2.4804068032699926       2.127513511664617
0.8974661119339953        2.7725794292846326       1.536235245516961
0.8975417005453643        2.7803901308685925       1.5201850004094395
0.9009960584618315        3.0877149368254804       0.738265984941109
0.9010694647906883        3.0940445187056818       0.7215562069646316
0.9045273815307127        3.3340930372772233       0.09674598243271984
0.9045972290360123        3.3387504241806663       0.0889206854931645
0.9080587045995938        3.5113835246445153       0.8957106819390023
0.908123873367922         3.5144361981804297       0.9108133270149781
0.9119504051066063        3.618166339882037        1.762303695988488
0.912004568181846         3.61948060437301         1.7742332414928195
0.9158502165030393        3.6306191659959617       2.534078306294362
0.9158852629957701        3.630621031320722        2.540923422623859
0.9197500278994721        3.548242321834695        3.2081697603665558
0.9197642638338659        3.54791552802716         3.210590515894062
0.9197780819792023        3.547306104367919        3.212474147808282
0.9231760507493652        3.3976924461357583       3.6758883527822386
0.9265833439450608        3.181930176716302        4.006319417082884
0.9265880253746828        3.1816337634729446       4.0067735875746004
0.9265926939930675        3.181248088171543        4.007042561405078
0.9299999999999999        2.8997942274730075       4.203458522941431
