% Model:              Paper2_optimized_designs.mph
% Version:            COMSOL 6.3.0.420
% Date:               Dec 21 2025, 15:36
% Dimension:          1
% Nodes:              1384
% Expressions:        2
% Description:        Line graph
% Arc length (m)          abs(acpr.p_t)            abs(acpr.p_t)
0                         0.6936059719694396       0.9550686080370342
0.0018924589326423102     0.7050224909954332       0.949614520629368
0.0037548770455149982     0.7260930930584975       0.9466259989431323
0.0037849178652846205     0.7264329228664184       0.946577779944244
0.0038154432437289137     0.7269177538832801       0.9465666041849148
0.0056773767979269585     0.756487989918214        0.9458840015423164
0.0075097540910299965     0.7926283785576284       0.9477118813190153
0.007569783433625618      0.7938119670814124       0.9477707780312844
0.007631971453254352      0.7952100731183187       0.9479075765584947
0.009459463664226384      0.8362942607727011       0.951903368251698
0.011342280351420014      0.8818724468676646       0.9582100384614813
0.011349244145104354      0.8820410571286592       0.958233403465358
0.011356472838297244      0.8822233879810876       0.9582643840462499
0.01323902462598231       0.9297082650171409       0.9663345306126722
0.01505258924958569       0.9763156868812751       0.9756913302391256
0.01512880510686028       0.9782745683419288       0.9760849918386642
0.015191990184092466      0.9798795460944486       0.9764398474714242
0.016651939284381176      1.0169700030580433       0.9846445400949184
0.018083982005385996      1.0523243060634169       0.9930469362637367
0.018175073461902072      1.0545732338591896       0.9935819750204604
0.018267940027985582      1.0567784142694223       0.9941334942741393
0.019698207639422968      1.0907489959017136       1.0026349367901908
0.02110113622209947       1.1225123129454062       1.0109504898712474
0.021251520345197478      1.125884967983603        1.0118355794927336
0.023024256760175596      1.1631469963939391       1.0218191579453746
0.023119339113282233      1.1650828099814043       1.0223406417163132
0.024891169794158452      1.1984745445705312       1.031399934622337
0.02498715788136699       1.2002150815012018       1.0318705871800846
0.026758082828141308      1.2294623875562425       1.0396198644143468
0.026854976649451745      1.2309903157897164       1.040023236473408
0.02862499586212415       1.2559230490824744       1.046402163425136
0.028742340607861794      1.2574328916425892       1.0467686644231782
0.03095089628824392       1.2816919257726511       1.0519993609177558
0.031054920679810194      1.2826636028278413       1.0521829008241113
0.03327075492917879       1.2990000896489968       1.0545409585313392
0.03336750075175861       1.2995504924282948       1.0545778277811435
0.035590613570113616      1.3077296909660971       1.053637237518653
0.03568008082370702       1.307907706054113        1.0535452319089433
0.03791047221104847       1.3078561491407392       1.049635160688463
0.03799734375202697       1.3076904799136568       1.0494201325726318
0.040411103830784986      1.2979689713291072       1.0415037602259756
0.04049508423466559       1.2974710650928294       1.0411822573909624
0.04291289974747063       1.2783989621100247       1.0308142580901989
0.0429928247173042        1.2776182407630872       1.0304292632785623
0.04541469566415626       1.2492853164730218       1.0176561588140873
0.04549056519994281       1.2482603112376833       1.0172334388458768
0.047916491580841894      1.211001750434085        1.0031650912958463
0.047989900347445075      1.209755128530847        1.0027280492139377
0.05049398220403445       1.162857770046628        0.9874964002650142
0.05056558677862692       1.1614188446365268       0.9870754655918647
0.053071763234868036      1.1080703866601835       0.9733387017142296
0.05314127320980874       1.106506095444072        0.9729774294970676
0.05564954426570162       1.047505507602359        0.9610206353202374
0.055716959640990577      1.0458547584330473       0.9607391411565167
0.05822732529653521       0.9825693796322166       0.9519996563123971
0.058293477414370715      0.980881662717759        0.9518156704008364
0.060841615624500495      0.9152304994339668       0.9466105269705294
0.06090730158408911       0.9135593908766876       0.9465374053405193
0.06345584308648308       0.8506249597542521       0.9462294091359399
0.0635211257538075        0.8490681129622849       0.9462761185251537
0.0660700705484657        0.7916382907612859       0.950185421811813
0.0661349499235259        0.7902805706840726       0.9503469227657635
0.06868429801044829       0.7423289556691443       0.9588809223184325
0.06874905521725419       0.7412873403905025       0.9591373580248357
0.07131066560197241       0.7078157552181421       0.9707554235946723
0.07137686133778448       0.7071851476806141       0.9710906288834673
0.07393703608578056       0.6926147294473757       0.9851311882939885
0.0740046674583148        0.692494100312937        0.9855182006074548
0.07656340656958865       0.6980383942125747       1.0003819603265571
0.07663247357884506       0.6984649211107937       1.0007967414395327
0.07918977705339675       0.7239197844302225       1.0161629485096493
0.07926044522419537       0.72486392752416         1.0165627662293162
0.08182269331960676       0.7670421101677853       1.030088570922917
0.08189545097963244       0.7684256460963184       1.0304421745554901
0.08445563030524417       0.8222724525678601       1.041643193186553
0.08453045673506948       0.8239738201508763       1.0419227968368936
0.0870885672908816        0.8851992597227073       1.0496434015163172
0.08716546249050655       0.8871221624258968       1.049829135710248
0.08972150427651904       0.9526031933539045       1.0542115817746447
0.08980057549182213       0.9546294928922819       1.054274071541871
0.0923582076762412        1.0199733559817312       1.0539486550926787
0.09243900661355925       1.0219943002855867       1.0538766294509523
0.09499492923220515       1.083801501760322        1.0498485626627683
0.09507743773529637       1.0857240438372566       1.0496508299094056
0.09763165078816913       1.1423504595180263       1.0415993848520935
0.09771586885703354       1.1441262432073966       1.041281366308608
0.10026837234413302       1.1946056241177794       1.0301728111854744
0.10035437991803428       1.1961595736522925       1.029747990988204
0.10290664052496121       1.2380637993325447       1.0157171285505688
0.10299416916717741       1.2393386624782807       1.0152164007235833
0.10554487139094962       1.271567058588862        1.0005332136114475
0.1056339584163205        1.2725187666698043       1.0000069931723097
0.10818310225693806       1.2946101671461543       0.9849564247480646
0.1082737476654636        1.2952155370734972       0.9844378082153017
0.1108213331229265        1.307020153875042        0.9706157331263248
0.11091357864937956       1.307242558259688        0.9701498057564044
0.11346058197041492       1.30782313558593         0.9583304091685388
0.11355368921042924       1.3076454528883767       0.9579656452986386
0.11609994696973391       1.297535278787654        0.9501700717770862
0.116193799771479         1.296962364811871        0.9499518226596609
0.11873931196905291       1.27619554951761         0.9460537448598784
0.11883391033252874       1.2752272926215165       0.9460013390294577
0.1213786769683719        1.2441159456580326       0.9470170595206112
0.12147403161594686       1.2427679048005236       0.9471344640017806
0.12402203140296386       1.2018436296072132       0.9523312411564998
0.1241147206415589        1.2002038678694216       0.9525997779110137
0.1266653717587877        1.1514721389917897       0.9620101614695798
0.12675540966717092       1.1496161445264061       0.9623977164980229
0.1293087121146115        1.0937192082956657       0.9746295610518104
0.12939609869278293       1.0916935057088022       0.9751014525682837
0.13195205247043534       1.0297981340414455       0.9899759482906478
0.1320368675612122        1.027687044922124        0.9904757598815908
0.13459276732485648       0.9624348552630533       1.005615819212977
0.1346779846944571        0.960250992002212        1.0061166748437287
0.13723323312683114       0.8955061484676126       1.0207465118105565
0.13731910182770193       0.8933606158941231       1.021210384356575
0.13987369892880583       0.8315126492914862       1.0338683566224076
0.13996021896094687       0.8295072836522193       1.0342677849472226
0.1425141647307805        0.774143236797015        1.0448161260122548
0.14260136873374027       0.772441541821602        1.0451070667715052
0.145158864866741         0.7287062613073813       1.0516152338720688
0.14524330526009738       0.727522322317733        1.0517681494467117
0.147803711062811         0.7004719536074361       1.054583214960167
0.14788524178645443       0.6999101129219428       1.0546026995972935
0.15044855725888098       0.6921151887670863       1.0530376964689685
0.15052717831281145       0.6921979134807306       1.0529320870144616
0.15309340345495098       0.7051459939216376       1.04759089642526
0.1531691650792507        0.705820443116709        1.0473694173339347
0.15573608291479585       0.737825647207972        1.0377721105389799
0.15581116480786733       0.7389987100379658       1.037450362527916
0.15837864316748065       0.7858010244577771       1.0254569440829164
0.15845316453648395       0.7873306252380671       1.0250703668173236
0.16102120342016543       0.8445036648006184       1.0107746531704778
0.16109516426510054       0.8462684623780197       1.0103463384302132
0.1636637636728502        0.9103234595977177       0.9951726454340403
0.1637371958074308        0.9121880692092027       0.9947354897375857
0.16630569463041775       0.9782125033711785       0.9794273210801313
0.16637901484908155       0.9800833561419594       0.97901632705582
0.16894758754974287       1.044278701048769        0.9659847688030888
0.1690208338907323        1.0460648565285144       0.965644580943209
0.171589480469068         1.1064305376634307       0.9551202156659151
0.1716626529323831        1.1080872577739371       0.9548753333609417
0.17423137338839312       1.163414041760168        0.948328687495924
0.17430450276552947       1.16487564244844         0.9482008022661719
0.17687296008792566       1.2124094217265984       0.9457522796960153
0.1769459542439994        1.213633053938107        0.9457538978272391
0.17951450567429258       1.2520026491646319       0.9483212166030193
0.17958740572246934       1.2529556140398281       0.9484548093113925
0.18215605126065954       1.2815715541572548       0.9551102373130586
0.1822288572009393        1.2822429473735824       0.9553654856357549
0.1847975968470264        1.3008574470627141       0.9663258586245684
0.18487033353508447       1.3012233339115635       0.9666718270564247
0.18743873289127438       1.3086467727983098       0.9800031828579664
0.1875113701827229        1.3086996110770823       0.9804076135869779
0.1900798236966541        1.3052336745630575       0.9953602407500707
0.19015240683036122       1.3049779356643176       0.9957882896744243
0.19272091450203388       1.2905807557382483       1.0107380822367773
0.19279344347799954       1.2900195809998374       1.011162683315288
0.19536200530741366       1.2649207991082847       1.0258053016009219
0.19543450574693877       1.2640653015544605       1.026181747888631
0.19800291721506508       1.2286156006658429       1.0381831027878792
0.1980752780578367        1.2274883505428968       1.0384818382092043
0.20064379490471113       1.1834830775185818       1.047604611453054
0.20071605036873458       1.1821238503811884       1.0478077159075356
0.20328467259435734       1.130086986417374        1.0530191558797115
0.20335682267963257       1.128517411951493        1.0531165247732732
0.20592555028400344       1.0694319520425104       1.054686400803163
0.20599762074429945       1.0677055066629237       1.0546624672998972
0.20856644462172264       1.0037970356271346       1.0514590990954626
0.20863838538648177       1.0019762323511694       1.0513162212290414
0.21120730742111488       0.9367742491717188       1.0446193147971317
0.2112791500286641        0.9349468939991845       1.0443767877929457
0.21384817022050717       0.8704681666986055       1.0339917823198068
0.21391991467084637       0.8687057779892554       1.03366296416971
0.21648903301989947       0.8080814037872835       1.0207030912694155
0.21656070758588525       0.8065058823270429       1.020309201677355
0.21912857559998616       0.7547326247246465       1.0051430159328245
0.2192019067272934        0.753441464484825        1.0047052993769074
0.22176803341655854       0.7158391633887383       0.9897214597806622
0.2218431058687016        0.714984444198921        0.9892846167204824
0.22440749123313086       0.6948361860245377       0.9748005143595204
0.22448430501010974       0.694534976434044        0.9743946145564932
0.22704694904970318       0.6946236934676213       0.962033042395024
0.2271255318712757        0.6949487834867891       0.9616961516624208
0.22969172187132952       0.7154611700978246       0.9521172957232606
0.22976644163265608       0.7163314640217805       0.9519018348016387
0.23233654310150936       0.7543232110029928       0.9468879808713395
0.2324073513940364        0.7555733217843895       0.9468080105648129
0.2349813643316893        0.8068979877392202       0.946029007544368
0.23504826115541672       0.8083758599977764       0.9460769849722183
0.23762618556186926       0.8693853562417794       0.9503412195231279
0.23768920698742518       0.8709372009664312       0.9504948532878454
0.24026817805130257       0.9363628205033137       0.9586654992871141
0.24033068916896178       0.9379619713607273       0.9589106763770339
0.24291014080691226       1.0035004409432748       0.9706988988073962
0.24297217135049842       1.0050586333707294       0.9710120914343681
0.24555210356252205       1.0683090170939917       0.9848779286673142
0.24561365353203501       1.0697811665798322       0.9852365080931902
0.24819406631813185       1.1292583880233447       1.0009048182126457
0.2482551602668676        1.1305835019422896       1.0012691450647488
0.2508358263866955        1.1832394072286188       1.0162885480778852
0.25089678492398926       1.1843854481908016       1.0166302253548576
0.2534775619981012        1.22852495148571         1.0303210271573877
0.25353840958111096       1.2294588952787129       1.0306149456165286
0.2561192976095065        1.2643589806991968       1.041611297082577
0.25618003423823266       1.2650693458042617       1.0418415000723518
0.258761033220912         1.2903867829108073       1.0501094288334782
0.25882168227993874       1.290849113999911        1.0502504529282375
0.2614026622536678        1.3051562875463798       1.054045973210831
0.2614634045487011        1.3053614820141373       1.054088173705236
0.2640442690966133        1.308716217389627        1.0540468173636852
0.26410512681746345       1.3086620295318292       1.0539926436536873
0.2666858759395588        1.3009537001532712       1.0495810541351935
0.2667468490862257        1.3006397380520596       1.0494331734555757
0.26932748278250435       1.2820264342851746       1.0414170097102045
0.26938859640489043       1.2814559541236672       1.0411806479185635
0.2719691012462988        1.2520379001009603       1.0293467593502434
0.2720303839441823        1.251222852011127        1.0290393956785961
0.27461069743507266       1.2125760699227826       1.015458422102004
0.27467217148347434       1.211543202306236        1.0151116084148601
0.27725229362384646       1.1640782810115793       0.9999751409891103
0.27731395902276623       1.1628407831399328       0.9996095446650802
0.27989388981262026       1.1073762495648038       0.9844479640269348
0.27995577332366894       1.105971592384093        0.9840926627141758
0.2825355112719725        1.0444046060019372       0.9697171121515292
0.28259752829727564       1.0428793471524214       0.9694041980079857
0.28517710751887254       0.9784408206901929       0.9581322102372697
0.2852392832708822        0.9768618473100296       0.9578967495890742
0.28781870376577273       0.9112323755932046       0.9498428900318691
0.28788103824448896       0.9096517372460441       0.9497031315139228
0.2904603000126728        0.8455096395420182       0.9461891857443734
0.2905228197587253        0.8440233436307377       0.9461574211714876
0.2931017940084127        0.785955930028989        0.9469630743184558
0.2931643956494854        0.7846717900437219       0.9470431110130838
0.29574325703767373       0.7380109350670673       0.9527014663241822
0.2958059715402455        0.7370488995002483       0.9528876680720431
0.29838472006693495       0.7054556535692361       0.9622403576870685
0.2984475474310057        0.7049110699449318       0.9625194149249013
0.30102618309619605       0.692197245078243        0.9755853384473862
0.30108914774127954       0.6921466650808084       0.9759250408249922
0.3036673429225598        0.700293447293526        0.9905281372141613
0.3037304591867689        0.7007457912343554       0.9908983474879816
0.30630846757023844       0.7284004058667513       1.0062237182816667
0.30637177063225823       0.7292945373226434       1.0065938031111297
0.30894959221791685       0.7729460001792277       1.021051517909958
0.3090130820777477        0.774193879904224        1.0213991172848207
0.3115907168655953        0.8302555636751271       1.0347344292349319
0.3116544175042158        0.8317375592687468       1.0350225552195833
0.31423149501068387       0.894830685877707        1.0450252018447677
0.3142955166635081        0.8964412189475557       1.0452321237221112
0.3168722404774284        0.9618333789778738       1.0519021137116427
0.3169366158228003        0.9634722069338577       1.052016034847597
0.3195129859441729        1.028325163564573        1.0544657753475861
0.31957771498209253       1.0299352433294724       1.0544800899823568
0.32215373141091735       1.0924530335534977       1.0531216197794877
0.3222188400544555        1.0939595122357073       1.0530267265492772
0.32479430216613747       1.1508036244904432       1.0469980983437122
0.3248597761820338        1.1521548267413484       1.0468000751592879
0.327434844318139         1.2013201032775476       1.0376400474625584
0.32750071230961214       1.2024711426562393       1.0373604715310771
0.3300753864701405        1.2430866588507776       1.0250038405590174
0.33014164843719057       1.2440184381636394       1.0246574220597302
0.33271592862214205       1.275638244498282        1.0103588214144228
0.33278261223683187       1.2763149864670764       1.0099689101023919
0.3353565001401192        1.2972891359150938       0.9942794602431436
0.3354233745868877        1.2976904333770587       0.9938792543918438
0.337997044299937         1.3078343450497627       0.979241772076406
0.3380641369369437        1.3079520041595645       0.9788734209236065
0.34063758845975484       1.3070846673451821       0.9656012283842027
0.34070489928699965       1.3069156751767963       0.9652905677074067
0.3432781326195726        1.295124689490723        0.9549844474567237
0.3433456895187774        1.2946667306000414       0.9547595901665418
0.34591885218527063       1.2718068397809659       0.9479200123088473
0.34598628534243736       1.271072606455764        0.947804134532552
0.348559545163958         1.2384786962412435       0.9458760061020379
0.34862688116609725       1.237494630811269        0.9458837827044017
0.35120023814264534       1.1954715341549107       0.9482848368671868
0.35126747698975713       1.1942510319685413       0.9484158247352569
0.3538409311213327        1.1434676232556822       0.9556922411219201
0.3539080989374295        1.1420468050447823       0.9559286444910672
0.3564818326608653        1.0840697892816349       0.9665839870780261
0.3565485890019292        1.0824996347056983       0.9669015709489326
0.3591227083534528        1.0202514396706444       0.9804033716036697
0.3591890790664288        1.0185976009372797       0.9807728010113933
0.36176358404604037       0.9534524991452411       0.9955124011024489
0.3618295691309284        0.9517621053085165       0.995908696314199
0.3644044597386279        0.885963211793271        1.0115693493241866
0.364470083425546         0.8843262918199993       1.0119497143537808
0.3670454609900567        0.8219780575088127       1.026091380217731
0.36711058351736686       0.8204964083949845       1.026424901664971
0.3696864368536391        0.7667053630241144       1.0385218287686193
0.3697510836091877        0.7654965399588133       1.0387861616643128
0.37232741271722136       0.7239055497686564       1.0476029786428571
0.3723915837010085        0.7230675635935956       1.0477852996542014
0.3749683885808037        0.6980187811604142       1.0534056549023716
0.37503210782949775       0.6976502412851527       1.053485110279018
0.3776093931637946        0.6926929429797469       1.0544063599889617
0.37767273683119945       0.6928352678195001       1.0543790602652159
0.3802503730714302        0.7085282123568759       1.0515045633348632
0.3803133658329011        0.7091525580672685       1.05138022507609
0.38289135297906585       0.7431559079343505       1.0443191004512273
0.38295399483460274       0.7441875698540801       1.0441055769292205
0.38553233288670136       0.793423039374459        1.033767971874341
0.38559464955665584       0.7947454823925583       1.0334773339826493
0.38817336460858753       0.8539414312318444       1.0199013916906527
0.3882355099203277        0.8554427371487716       1.019556099169381
0.39081437380056755       0.9194819324350176       1.004974533017116
0.3908763702839995        0.9210529166691517       1.0046101637784852
0.3934553829925477        0.9866113834136722       0.9892873092658555
0.3935172306476714        0.9881867695752176       0.9889268122020337
0.3960963921845276        1.0530984568665633       0.9744613192667615
0.3961581184042028        1.054599013707162        0.9741344968315887
0.39873755279705          1.1151976373322827       0.9613378969888211
0.3987992410770236        1.1165710893924765       0.9610740981988442
0.40137869233034307       1.1704797627007257       0.9520910605573756
0.4014403637498445        1.171679073296068        0.9519202014251711
0.4040198318636361        1.2178375255813194       0.9467046818719758
0.40408148642266534       1.2188437218234158       0.9466401912904249
0.4066609713969292        1.2566757811727651       0.9463183688751559
0.40672263774116635       1.2574532024197214       0.9463640486471417
0.40930241983228416       1.2850669609394858       0.9503460029513958
0.4093640060410464        1.2855961956301445       0.9504973758785932
0.4119438469076159        1.302542752744812        0.9589497405277027
0.41200537434092627       1.3028136394317917       0.9591931578504763
0.4145852739829477        1.3088323794211532       0.9707681893762388
0.4146467426408063        1.3088426446106083       0.9710861014552772
0.4172267010582795        1.3039487035869097       0.9856486781742758
0.4172881391412027        1.3036937458939672       0.9860048651071625
0.4198684805604768        1.28749527833683         1.0012197245134669
0.41992971575568394       1.2869828371432557       1.001582292624166
0.42251023731259296       1.2605861648635663       1.016642834736719
0.4225712923701653        1.2598363737450613       1.0169829176016747
0.425151994064709         1.2234561189159476       1.0303715555792805
0.4252128689846466        1.2224793906437268       1.0306697966867167
0.42779375081682514       1.176662355230768        1.0422077829744663
0.427854471178078         1.1754864347438407       1.042432497521996
0.4304355550201016        1.121507746503552        1.0500769455983276
0.4304961847036071        1.1201652544424292       1.0502123424851804
0.43307733355325456       1.0606878189045015       1.054214632121025
0.4331378982291361        1.0592306142071397       1.054255822266237
0.4357191120864075        0.995380048828878        1.0538722388318484
0.4357796117546651        0.9938433626423578       1.0538177383875351
0.43836089061956046       0.9274983539055147       1.049603510250999
0.4384213487886576        0.9259549871249557       1.0494510935194097
0.44100237875662346       0.8607716983339972       1.0408122205208086
0.441063140539582         0.8592949817512769       1.0405722924146108
0.44364383938568824       0.800063188597157        1.0292867784221913
0.4437049322905063        0.7987597249104672       1.0289841367946169
0.44628530001475314       0.7488712745892602       1.015102994682191
0.4463467240414308        0.7478379643198861       1.014754545961255
0.4489267606438179        0.7117351058532592       0.9996613683351194
0.44898853937015487       0.7110910636700907       0.9992924838283938
0.4515678606843519        0.6933957705602287       0.9836872180475529
0.45163036712628374       0.6932242018263249       0.9833271480637966
0.45420893330091777       0.69626948916053         0.9696528748671139
0.4542721948824125        0.6966023047934159       0.9693408142044609
0.4568500059174833        0.7195048566960652       0.9578620099526158
0.45691402263854136       0.7203142531142716       0.9576221460822489
0.45949107853404897       0.76092859276738         0.9498615515323049
0.45955587572382767       0.7621276112406443       0.9497173145572401
0.46213194423380227       0.8156294598566735       0.9459203608871628
0.46219770467115723       0.8171122523937575       0.9458885560724378
0.4647727827800385        0.8781877499849384       0.9471333663954589
0.4648395336184868        0.879836937061807        0.9472233481990469
0.46741362132627456       0.9446864136432933       0.9526772098462877
0.4674813625658161        0.9464234171170195       0.9528862384137271
0.470054459872511         1.0124809571700752       0.9628556124559404
0.470123218673899         1.0142089615044618       0.9631607994187963
0.47269537493982666       1.0774657947533648       0.9758260737394518
0.47276504015209136       1.079110261247133        0.9762008809340186
0.4753362646133695        1.1368261296162572       0.9908562689125606
0.47540686163028384       1.1383218978484801       0.9912691241780691
0.47797715428691206       1.1892263103506164       1.0062829917211078
0.4780486831084761        1.1905418278794666       1.006708268009862
0.48061804396045466       1.2339190087077698       1.021764530502093
0.48069053395778644       1.235000597828287        1.022156340714524
0.48325928935298174       1.2687349094309956       1.0348816113602368
0.4833323761246517        1.2695447381419327       1.0352065117609024
0.4859005120729652        1.2929393939295142       1.0452718191311392
0.4859742182915168        1.2934541827707557       1.0455075389525088
0.48854173479294877       1.3061731105059302       1.0518213879575604
0.48861606045838196       1.306382292736201        1.0519544196923003
0.49118295751293256       1.3083757549348913       1.0547324933447928
0.49125793433284987       1.3082623312031325       1.0547414508649742
0.4938247964185006        1.2989107092174472       1.0527434473371757
0.4938998435462552        1.2984753936786058       1.0526270708723304
0.49646661435199674       1.2786507498305055       1.0470237110188967
0.49654175275966034       1.2779101047870982       1.0467984971035265
0.4991084322854929        1.2477477512191215       1.0373398579165294
0.49918366197306546       1.2467095000256705       1.0370180145109826
0.5017502502189892        1.2066501548765665       1.0247585448973051
0.501825603758473         1.2053397627359594       1.0243593679099134
0.5043927998961888        1.1563590806781912       1.0095665670556917
0.5044676384992244        1.1548238154207842       1.0091255556058913
0.5070353276632467        1.099310582647375        0.9941494102034439
0.5071096732399762        1.0976094276476087       0.9937121653089748
0.5096778554303045        1.0364711110647713       0.9788616855085783
0.5097517079807281        1.0346416781794097       0.9784568784153863
0.5123203831973624        0.9694332968467952       0.9653606950487365
0.5123937741197295        0.9675546456079523       0.9650224951814707
0.5149634078813881        0.901450330937605        0.9544155718899004
0.5150360089562847        0.8996184392286368       0.9541760269922602
0.5176064064441261        0.8370292854728447       0.9479542181164484
0.5176782437928398        0.8353575558889741       0.9478390730336047
0.5202494050068642        0.779296091680389        0.945754359278192
0.5203204786293953        0.7778826159774915       0.9457706262440105
0.5228924035696021        0.7325765623728545       0.9487190474390277
0.5229627429801269        0.7315538980578952       0.9488586154083931
0.5255355185853947        0.7021854211937768       0.9558630580850718
0.5256052634615092        0.7016583696469515       0.9561106472876989
0.5281786049311921        0.6920177608249682       0.9670042097824549
0.5282477839428914        0.6920442354576788       0.967335536726851
0.5308216912769892        0.7028109367809064       0.9806258416723745
0.5308903044242734        0.7033792656649209       0.9810168135300731
0.5334647776227865        0.7337582692082046       0.9964602601899087
0.533532853512731         0.7347880152656324       0.9968667012574578
0.5361077716532991        0.7808986902905949       1.0120339715224957
0.5361757988075078        0.7822791952833921       1.0124246583574046
0.5387507386894104        0.8389078395887648       1.0265871319268463
0.5388187441022845        0.8405067326335993       1.0269324035136165
0.5413937057255216        0.9034532415076209       1.0386780492139789
0.541461689397061         0.9051759201392581       1.0389590077049793
0.544036672761633         0.9714613653976929       1.0482095559982445
0.5441046644136125        0.973199628218759        1.0483950471388435
0.5466797156389973        1.0384428887324741       1.0533177710441168
0.5467483586563939        1.0401334749801696       1.0533954477295835
0.549322738268538         1.101158392852259        1.0545139886340629
0.5493920528991756        1.1027296120030208       1.05448207661377
0.5519657608980784        1.1580029061250143       1.051206065061481
0.5520357471419572        1.1594199565734904       1.0510646605204084
0.5546087835276192        1.2080498168768035       1.0441008865092076
0.554679474674914         1.2092556655824163       1.0438516389163899
0.5572526459739502        1.2488819537498403       1.0328779007428377
0.5573246290114751        1.2498483391239497       1.0325352196214688
0.559896503588232         1.279483677998201        1.0195496911715778
0.5599697833480364        1.2801765875511584       1.0191463272916788
0.5625403612025137        1.2993987085718557       1.0043056655994977
0.5626149376845977        1.2998000353475498       1.003864347500416
0.5651842188167953        1.3084919511267659       0.9886617724952409
0.5652601332883658        1.3085734925583155       0.9882163322028222
0.5678306340884125        1.305885286957104        0.9734266890216958
0.5679081953428908        1.305632973870942        0.9730155404825236
0.5704770794133833        1.2922128253662897       0.9610235062781469
0.5705562573974154        1.2916251861241697       0.9606945457676583
0.5731235247383542        1.267549092754648        0.9516613176803258
0.5732043194519403        1.266619268769651        0.9514437490546578
0.5757699700633252        1.2322524978181462       0.9467531327535911
0.5758524432468795        1.230988885484952        0.9466705639582931
0.5784224014744466        1.1869622384315086       0.9462352039608665
0.5785061284467461        1.1853929294768515       0.9463016971914622
0.5810749444169452        1.1339521733586253       0.950818872441358
0.5811598136466123        1.1321279547948646       0.951034538336291
0.5837274873594436        1.0740259734478927       0.9594151975283111
0.5838134988464789        1.0719749693212168       0.9597681309945324
0.586380030301942         1.0085339871048353       0.9720997771571577
0.5864673363372488        1.0063289856723314       0.9725506699639017
0.5890460691076311        0.9400189557604227       0.9867962767492346
0.5891294978855051        0.9378828837706797       0.9872764885987848
0.5917124161651954        0.8730431096965082       1.0025956645264558
0.5917916594337613        0.8711035082220674       1.0030594912120083
0.5943787632227595        0.8104278392700696       1.0178080934114104
0.5944538209820174        0.8087723447824373       1.0182276505576977
0.5970451102803238        0.7562430172503659       1.0321279449598046
0.5971159199183431        0.7549912211811772       1.0324614361585178
0.5997424755578131        0.7156981914674232       1.0432949519896253
0.5997957757495718        0.7150882501871672       1.0434796190033158
0.6024404726274204        0.6945628176670811       1.0510354852618737
0.6024756315808004        0.69443118625805         1.0511064691265328
0.6051384696970277        0.694888669822838        1.0543331380461252
0.6051554874120288        0.694964071241777        1.0543411731730117
0.6076693743821286        0.7157955711887408       1.0536414630862085
0.6078353317386891        0.7171686746183348       1.053595756913824
0.6078364435153998        0.7171816731392875       1.0535944628294749
0.6105706101167734        0.7591089765006209       1.0476495562921173
0.6106249537970314        0.7600856347078432       1.0474952078573165
0.6133059057350656        0.8149156326284981       1.0382512225629226
0.6134134640786633        0.8173057857453613       1.037805777651903
0.6160412013533585        0.8795954417747249       1.0252789591836795
0.6162019743602951        0.8835868115549992       1.0244395520827765
0.6187764969716512        0.9494949184094427       1.0101623384339093
0.6189838868123907        0.9548095504127116       1.0089372521436324
0.6217641351670118        1.0257720169613544       0.9918270997347081
0.6221432985766235        1.0352416258208668       0.9895186640786425
0.6247718957822048        1.097608291294056        0.9751248119530573
0.6253027103408564        1.1097132932479026       0.9722750406882025
0.6277796563973976        1.1619466445532955       0.9606876033810551
0.6284621221050892        1.17557430858338         0.9578171581680733
0.6307874170125904        1.2174414368284776       0.950917932134955
0.6314224463527742        1.2280431494060218       0.9492044482860242
0.6324244757101309        1.2423019538717979       0.9477030909181866
0.6334070568659074        1.2562532190501117       0.9462948145296135
0.6348122961638738        1.2716830681285456       0.9464360947895016
0.6356461338821298        1.281003062423628        0.9463911542098618
0.6362291756673397        1.2855866786096593       0.9471602762668395
0.6378852108983519        1.2980481947161775       0.9497873778567201
0.6400338756245485        1.3069938856629788       0.9562752591436561
0.6401242879145743        1.3073395024346186       0.956572371651563
0.6405768859090937        1.3075447538519431       0.958480491444927
0.6423084105284438        1.3084262347367972       0.9657253991344568
0.6425326942420371        1.3078495929262999       0.9668119044980898
0.6444925331423133        1.3018246018772945       0.9768804774271479
0.6449997254125084        1.298707285081726        0.9796662845052322
0.6466944582291874        1.2874083523224056       0.9893361834984202
0.6479094970885912        1.2755552984980376       0.9965511698635251
0.6489017677237874        1.2653565061526038       1.0026252858027918
0.6500248963993429        1.2508506225936624       1.0092591924802474
0.6504731204953109        1.245172418452431        1.011879035778633
0.6508820961266155        1.2391443543506415       1.0141709381485893
0.6520444732668345        1.2216026471506503       1.020762164370853
0.6533184011074411        1.1998177963490182       1.027411634260395
0.6537055040967592        1.1931706655207859       1.0293919293767584
0.6543756448843725        1.180059565374378        1.0324328898568462
0.6557506431954061        1.1533747410618223       1.0387881665397933
0.6562357576129145        1.143028959286462        1.0406775643475954
0.6577080030547886        1.1110387972940876       1.0459548040833182
0.658206425688991         1.0995944655996823       1.0473902641487918
0.6596653629141707        1.0655866741501057       1.051137919460938
0.6601770937650673        1.0531235817746847       1.052008121015275
0.6616227227735529        1.017522781293256        1.054083392233496
0.6621477618411438        1.0041897968748772       1.0543789181633125
0.6637192403538721        0.9641623045513906       1.0546134595571515
0.6647498684684847        0.9376345758074334       1.053707997276776
0.6656093900232181        0.9156081261581229       1.052681794963874
0.6674509391930186        0.869552548875454        1.048884166168733
0.6674995396925638        0.8683517413284838       1.0487707330661442
0.6676128210256329        0.8656809377499977       1.0484018909296775
0.6693661364368315        0.8240437585903713       1.04282413684699
0.6703534273790712        0.8021794822370554       1.038847555298614
0.6712312316029028        0.7833334059063469       1.0352166175796946
0.6721654617761403        0.7649437956742308       1.0307502812481535
0.673037248317214         0.7494462645537556       1.0262869918422726
0.6737124896173665        0.7380833193317993       1.0226346104622341
0.6746677878829253        0.7250652055612077       1.0172742452106736
0.6753642019402379        0.7154103420278435       1.0134443178264054
0.6759192731552137        0.7103399452296562       1.0102101722110497
0.6771849186662338        0.6987624391120504       1.0026398998190442
0.6787728470287           0.692632500875478        0.9929689561013437
0.6790056353922294        0.6917372018717004       0.9915913520530462
0.6791702651543827        0.6919008351939987       0.9906307079851336
0.6803486665395839        0.6930475816167446       0.9835507227906726
0.6813631084356446        0.6981485361989431       0.9776601170606234
0.6816916976869385        0.6998107470642403       0.9758388357908186
0.6820733952788753        0.7032180160008239       0.9738313090843533
0.6830420259414143        0.7118505526792742       0.9685180776558027
0.6842291490677253        0.7267447561164957       0.9625777906865122
0.6843952515130602        0.72883028356428         0.961783139562186
0.6845207983860964        0.7307795611865289       0.961248656228332
0.6855252221826167        0.7463668778562431       0.9567394928694333
0.6865152602413775        0.7640086182387167       0.952830774020223
0.6866687331115136        0.7667640329770076       0.9522756257362971
0.6868602171776348        0.7706059070583505       0.951686230099745
0.6879080428109443        0.7914808177523815       0.9482302981614004
0.6887478662521496        0.8097264190797113       0.9459503637888004
0.6891473525103751        0.8184850961466461       0.9450401379445826
0.6895297388541153        0.8273389217021653       0.9443827403960241
0.6901728925795834        0.8421609474512867       0.943109995460754
0.690766306931341         0.8563211445180775       0.9422468218374938
0.6911984326487914        0.8666958041785109       0.9418175013657039
0.6916667786943931        0.878219038226973        0.9415949783926882
0.6922341727722667        0.8921414612529472       0.9411721167593
0.6928272699774394        0.9069678793975119       0.9410846815693328
0.6932784864892811        0.918287066402843        0.9412015030430148
0.6937227921239071        0.9294892170388024       0.9414834600963964
0.6940489199425726        0.9377077322077081       0.941642196727964
0.6942374419522974        0.9424480128541912       0.9417630163629501
0.6950430492583246        0.9627690791737971       0.9427884557721363
0.6956150943635395        0.9770902837370916       0.943532328100716
0.6961096493838947        0.9894671042660912       0.9445351588999649
0.6969927467747816        1.011311161682646        0.9463370696344867
0.6971762495094651        1.0158387003254663       0.9468429698162475
0.6979322951332774        1.0341818033800607       0.9487358568870514
0.6982339870178886        1.041430533575827        0.9496938200862164
0.698804520866031         1.0549313887750176       0.9512859118004243
0.6993217985671152        1.0670143265483358       0.9530550910504839
0.6996317869990649        1.074130104182435        0.9539853473153195
0.7004448279515656        1.0924485542489977       0.9568471818264968
0.7004590531320996        1.0927629738040163       0.9568912550063903
0.7004988417469311        1.0936241569752074       0.9570342255571632
0.7012863192651337        1.1107481791208587       0.9599214215901495
0.7015678573360162        1.1167361611601305       0.9610874745899145
0.702355350235722         1.1329855173336696       0.9640444110241413
0.702423125035458         1.1343664156095494       0.9643345365600093
0.7025704107404613        1.1372506882209528       0.9649211957524482
0.7032086261423409        1.149827903787304        0.9674766752016544
0.7035023065171608        1.1553791219477914       0.9685647771944397
0.7039941272492234        1.1645442204866414       0.9706156301309579
0.7046492627985999        1.1762128908668186       0.9731498344851243
0.7047796283561063        1.1784982861317164       0.9737112250183704
0.7052640581670597        1.1866209828033691       0.9755905843840593
0.705437902015698         1.1895481233146143       0.9762748382539329
0.7054696570312318        1.1900639230269234       0.9763864953911263
0.7060961756752904        1.1999922128299858       0.9788348508378615
0.7062481736010535        1.2023097121677182       0.9793662710066446
0.7067281438368811        1.209305053649812        0.9811231127617773
0.7069972528883604        1.2132750526192455       0.9821451285891221
0.707148867798747         1.2153646318996985       0.9827067573931278
0.7077463321756676        1.22336064960227         0.9847643473196623
0.7083199752132878        1.230476557058763        0.9866861708642501
0.7084568848058317        1.2321434300656027       0.987121885187475
0.7086820547766328        1.234673834509642        0.987798283614701
0.7090414626236494        1.238755030121044        0.9889470184233365
0.7093132442513062        1.2415554166662681       0.9897498330149398
0.70970992061187          1.2456301202240692       0.990907042247692
0.7102395824508763        1.2504351990334674       0.9922662112585225
0.71037782859385          1.2517083138930354       0.9926487202192409
0.7104781988131217        1.2525133457372726       0.9928930058434859
0.7110436376896692        1.2570247377914294       0.9942513261449624
0.7116274022626854        1.260990762252772        0.9954795344187141
0.7117094467854883        1.2615446581599203       0.9956500164055144
0.711859955954115         1.2623826302444883       0.995907915695216
0.7123006228206481        1.2648953203357056       0.9967411496169397
0.712472349153217         1.2656844067500008       0.9970097712195329
0.7130270066621682        1.2680927241709228       0.9978399542820597
0.7133844946173591        1.2692544667317238       0.9982863792035486
0.7138087457478985        1.2704416803954022       0.9987727214676544
0.714296640081501         1.2712797403867606       0.9992337101667885
0.7145904848336289        1.271653211679118        0.9994910602540374
0.7149855132926461        1.271797479814736        0.9997389512674384
0.7151226740214736        1.2717740541738758       0.9998073441437333
0.7155682773265517        1.2714355966277355       0.9999774382954736
0.7156712799223224        1.2713004214159114       1.0000063767513956
0.7159904207379899        1.270764843262473        1.0001084978110049
0.7163043723623106        1.2700192241308423       1.0001356071750753
0.7164125641494281        1.2697230908164112       1.0001498553651946
0.7166290735612857        1.2689819423965276       1.0001375085148
0.7168347075608661        1.2683243182835653       1.00015897147226
0.7169374648022986        1.2679254512281815       1.0001517454761522
0.7173187970163579        1.2662483222839778       1.000099746587376
0.7174125147427184        1.2658142521224138       1.0000954463096816
0.717720013494934         1.2641745318952655       1.0000249766501712
0.7177578800937006        1.2639712430124435       1.0000214065963484
0.7179920349216673        1.2625523645950687       0.9999643061660584
0.7181032454446821        1.2618877777696296       0.9999451973019905
0.7181212299735098        1.2617679499080454       0.9999395699904414
0.7184486107956645        1.2595765047514338       0.9998895590126498
0.718552132625133         1.2588021765613964       0.9998569014235779
0.718808735240128         1.2568905911649688       0.999822703496227
0.7191146611633521        1.2543424635133462       0.9997324202088742
0.7191682610017907        1.2538985301661054       0.9997268866456831
0.7194095354821162        1.2517126818449391       0.999687061450846
0.7195244074722007        1.2506799254464482       0.9996733196861002
0.7195499266240866        1.2504309510000076       0.9996695516513858
0.719880553942611         1.2472149011680358       0.99967783422562
0.7199863141298137        1.2461084113276906       0.9996764640100996
0.7201429844735736        1.2444849512747391       0.999706116213014
0.720374615703181         1.2419214095858995       0.9997359914765245
0.7204054150045365        1.2415852412377744       0.9997425779221076
0.7204262469844862        1.2413433829952902       0.9997464159651747
0.7206678455354991        1.23856245924639         0.9998396827027046
0.7208661798391587        1.2361443336438809       0.9999194602546435
0.7209435568365239        1.2352007420730051       0.9999639138229734
0.7211746716837046        1.2322644226803212       1.000124503357548
0.721270939584258         1.2310217136137187       1.0002030992523208
0.7214676829662463        1.2283847415911266       1.0003870608133332
0.721598322331992         1.2266078681748405       1.0005275495615569
0.7217606942487877        1.2243214991304374       1.000728315346827
0.7219257050797261        1.2219662314283297       1.0009587467465737
0.7220537055313294        1.220079782676064        1.0011637118204035
0.7222554977320343        1.2170644303171458       1.0015223250144594
0.7224319357313471        1.2143342918430329       1.00188255466039
0.7226351470761725        1.2111403531768303       1.0023456829831838
0.7227930898330601        1.2085694019138007       1.0027521050834476
0.7230147964203104        1.2049089750754727       1.0033824690312703
0.7231542439347733        1.2025323732165838       1.0038303796820793
0.7233944457644488        1.1983856516868696       1.0046749786114437
0.7235153980364863        1.1962367102821514       1.0051541478861563
0.7237834351562198        1.1913840702459333       1.0062841933303086
0.7238692841020702        1.189790932212455        1.0066967408924015
0.7241351453725964        1.1848251080028835       1.0080512758327171
0.7243054535159608        1.181537641621646        1.0090252812329454
0.7244868555889732        1.1780159387120117       1.0101190823827053
0.7247416229298516        1.17292246598001         1.0118427417327756
0.7248385658053496        1.1709746335291518       1.0125308778375306
0.7251777923437424        1.163978955441845        1.0152271109972646
0.7251884082605196        1.1637590117939889       1.0153135485595934
0.7252148003174019        1.1631986031049768       1.0155548327008213
0.7255119372643257        1.1569333546461804       1.0182660602184213
0.7256357109575602        1.1542515650026477       1.0195388873239903
0.7258362503748983        1.1499106771498395       1.0216074085699247
0.72609511811105          1.1441731060673301       1.0246112031433992
0.7261605634854709        1.142723867240493        1.025372229703066
0.7263176747280748        1.1391739422991156       1.027422209591507
0.7264848765960437        1.1354241933210296       1.0295995405456184
0.726563074285421         1.1336344601939699       1.0307323263046984
0.7268007052989303        1.1281995121762594       1.0341771009974954
0.727078871337427         1.1217484511191298       1.0386552463285152
0.7271148784154156        1.1209146711283093       1.0392342852981087
0.7271788817226859        1.11941166013288         1.0403678203291202
0.7274168238279364        1.1138783002373125       1.0445781541887722
0.7275506856595504        1.110729725134976        1.04717481151379
0.7277187692404576        1.10677544877995         1.050430822579336
0.7279445219228229        1.1014350817896665       1.0552053763211695
0.7280053665287745        1.1000138368927217       1.0564881806500044
0.7280556060171781        1.0988359758851416       1.057633770724104
0.7282919638170922        1.0932906540840526       1.0630205329462399
0.7285782146858106        1.086573430584687        1.0700648489211002
0.7285785741130384        1.0865650959116928       1.0700736629784124
0.7285788507280646        1.0865587241302352       1.070080983964953
0.7288759327762977        1.079698701011943        1.0779254525014166
0.7291365737232651        1.073717954952377        1.0853059471036188
0.7291614199783201        1.0731468272708795       1.0860086205256745
0.7291864136315187        1.0725805164158282       1.0867606787429445
0.7294409466522134        1.0668886796345964       1.0943972734782037
0.7296939785840342        1.0613252585915334       1.1024423678502766
0.7297204733261067        1.0607389698132466       1.1032867830272948
0.7297471252458219        1.0601615309987784       1.1041857448737673
0.7299999999999998        1.0547464982358998       1.1126712515698705
0.730231285240581         1.0499340949508218       1.1208047019841445
0.7302633101498335        1.0492633557509323       1.1219363596557224
0.7302971036194912        1.0485805265084323       1.123177614252255
0.730526620299667         1.043996751746096        1.1315475799996815
0.7307441253658526        1.039813379680775        1.1397605421478918
0.7307899304495007        1.0389281526159713       1.1415017645035033
0.7308382650971412        1.0380320479401692       1.1434006995144927
0.7310627596533605        1.0339101492896194       1.1521716507839832
0.7312920182171223        1.029911691761563        1.1613712345139269
0.7313494592336818        1.028901828352788        1.1636950170936342
0.7314051385444229        1.027978294652727        1.1659918057651733
0.7316254088186378        1.024363063446557        1.1750490144245052
0.7318526484934897        1.020853535470474        1.1845410405459205
0.7319013584035938        1.0200944358898156       1.1865989326916844
0.7319485743893701        1.0194055743430428       1.1886218676319813
0.7321773079885494        1.0160972091655371       1.1983763149349085
0.7324506865264602        1.0124197655952294       1.2101148124139536
0.7324643225157181        1.0122378515565758       1.210696469108437
0.7324854706536204        1.0119770802153265       1.2115980191587865
0.7327513370428864        1.0086893129534928       1.2230607597830379
0.7329227635412818        1.0067410987950351       1.2304304599732463
0.7330449493895244        1.005359610523722        1.2356618368440828
0.7332091850110085        1.003661275603802        1.2426514786422656
0.7333483468419453        1.0022193383635223       1.24865244583014
0.7334428474499137        1.0013349782576664       1.252670868576643
0.7336608549784187        0.9993032059582975       1.261901879417113
0.7339258073344406        0.9970732614562812       1.2729145825602484
0.7339733631148924        0.9966741575072522       1.2748822181287276
0.7340605524133137        0.9960148497795551       1.2784084491522327
0.7342767924512226        0.994387326746524        1.2872800974211243
0.7343975998508061        0.9935699879024775       1.2921130597081891
0.7345767086582387        0.9923634368674108       1.299230685915496
0.7348190256250271        0.9908866630925937       1.308611273432252
0.734876254254937         0.9905427147530845       1.3107966634169312
0.7350647210396595        0.9895258440800041       1.317789154290018
0.7352223381380829        0.9886785257223762       1.3237024985059216
0.735270199147684         0.9884497681723463       1.3254434005328193
0.7355684220212286        0.9870416237795777       1.3360971081639075
0.7357213726703404        0.9864006844354225       1.3413692709368523
0.7359145059043743        0.9855976229789793       1.3478955777807027
0.7361112639182863        0.9848732307775547       1.3543349095605648
0.7362671231940512        0.9842885382548435       1.3592532342314116
0.7364552877399977        0.9836729882702411       1.3650338978464458
0.7366118810301094        0.9831420214277777       1.369650666448834
0.7367120111425247        0.9828541158089843       1.3725652334933085
0.7369476461884672        0.9821298191632178       1.3791068482217215
0.7369687345450515        0.9820755108197268       1.3796836627511224
0.7370372284012323        0.9818837454353377       1.3814627895333658
0.7372254579475788        0.9813778701948651       1.3864587118565006
0.7372834113468243        0.9812096699731108       1.38791815603634
0.737447878042083         0.9807757540232486       1.3918868237225455
0.7375370140586317        0.9805500575673289       1.3940837930826535
0.7375846082337545        0.9804336049634409       1.3951788071668023
0.7377646402945348        0.9799904669761816       1.399295227688852
0.7379176332988855        0.9796184502954427       1.4025456558262586
0.7379862651823239        0.979451428631587        1.404004478835298
0.73812280476268          0.9791202171564306       1.406681689231088
0.7382078900701132        0.9789257856082476       1.4083909745765528
0.7382534697953678        0.9788218434029355       1.4092274629885393
0.7384620938903572        0.978339021062862        1.4130410426715168
0.7386083867112914        0.977998016720039        1.4154477437411377
0.7387162977106014        0.9777430615700018       1.417215593377311
0.7389633036272154        0.9771500550349567       1.4208026913574656
0.7389710382678962        0.9771312184019059       1.4209137580847306
0.7389919797089008        0.9770792418380297       1.421175195856648
0.7392441976918545        0.9764802929926781       1.424420598496913
0.7393217374261625        0.9762949187775563       1.4252814083671477
0.7395268008011553        0.9757821919321938       1.4274567118258903
0.7396330840167729        0.9755143498727301       1.4284048514531558
0.7398094039104561        0.9750504483730986       1.4298907807667893
0.7399444306073837        0.9746905824117695       1.4307971075820893
0.740092007019757         0.9742807242597168       1.431714887955764
0.7402557771979943        0.9738180754590559       1.4324481330269139
0.7403678597646379        0.9734897868093195       1.4329029065134347
0.7405397117184516        0.972960791840727        1.433298167051931
0.7405508856432799        0.9729270954909903       1.433325021511858
0.7405731967738798        0.972854619099734        1.4333398787736247
0.7407705636129185        0.9722455015411702       1.4335390473688485
0.740914899321852         0.9717626925567477       1.43337725106589
0.7409953297875849        0.9715003413493419       1.4333259628706239
0.7411053116271553        0.9711127075864392       1.4330203913832325
0.7412200959622517        0.9707221930653015       1.4327106992365977
0.7413484255468374        0.9702512180608687       1.4321374662108854
0.7413731446831395        0.9701633987529491       1.4320370262986308
0.7413817067648723        0.9701307717259697       1.43199059016613
0.741526193404028         0.9695998938826481       1.4312010189924114
0.7415877676800902        0.969357764716492        1.4307804694614967
0.7416792421249161        0.9690104932023562       1.4301517120599732
0.7417938285953081        0.9685459123007281       1.4292070871053961
0.7418508672161284        0.968316177008387        1.4287061862717463
0.7419813786777483        0.9677820451590349       1.4274796200165967
0.7420841656656547        0.9673420298328068       1.426369253391897
0.7421560745055136        0.9670352365129559       1.4255730788773286
0.7423174641151808        0.9663164608954572       1.4235584617927812
0.7423307703332791        0.9662574099224883       1.4233888000473662
0.7423704364901038        0.9660739989900515       1.4228268194019476
0.7425054661610444        0.9654656760826787       1.4209676850577753
0.7425405092746926        0.9653039629936792       1.4204444938840188
0.7427013496330999        0.964536802371057        1.4179064782192548
0.742720998307367         0.9644425563083474       1.4175792314919675
0.7427582336183354        0.964256145930171        1.416913374866177
0.7428867984178091        0.9636385760167244       1.4147143009922853
0.7429905717588265        0.9631096294667135       1.412765353283321
0.7430525985282515        0.9628005648369106       1.4115812784160826
0.7431294434972473        0.9623956149781521       1.4099852143232778
0.7432317455906636        0.9618723829530496       1.4079261140642916
0.7433627054422787        0.9611720421162586       1.4050294391108824
0.7434224225780881        0.9608571588572824       1.4037094425274343
0.7434742000563774        0.9605716453291523       1.402464945208933
0.7435932251529809        0.9599297327042624       1.3996630311938083
0.7436918363188316        0.9593779350270135       1.3971688539164706
0.7437595364880423        0.9590056639462725       1.3954620594131835
0.74382620670149          0.9586231379949074       1.3936576801342624
0.7439197129325148        0.9581013012682288       1.391181196204882
0.7440146636959106        0.9575493678033211       1.3884906245202757
0.7440798893769873        0.9571774930370358       1.3866540226161665
0.7441164173625863        0.9569613783757032       1.3855601487450828
0.7442077348527849        0.9564373182498997       1.3828891239837429
0.744297208633544         0.9559042452175863       1.3801153028537942
0.7443579603195474        0.9555507310386824       1.378249863034474
0.7444780156398911        0.9548301874421259       1.3743293629220137
0.7445603706690214        0.95434446512112         1.3716790698466026
0.7446020448476929        0.9540914573981436       1.3702565441622876
0.7447627810184951        0.9531362415800739       1.3647611448024461
0.7448410469795428        0.9526674978995188       1.3619823389448897
0.7449744512947571        0.9518537384608692       1.3570955222275296
0.7450066145859673        0.9516598508475542       1.3558958964027152
0.7451221219776005        0.9509519927136424       1.3514582059215328
0.7451721821923913        0.9506528162531943       1.3495648340951334
0.7451955374766224        0.9505102323814415       1.348645068977563
0.745366036650301         0.949493635198162        1.3418796025895234
0.7455501888278249        0.9483737724805014       1.334198636272559
0.7455598911082106        0.9483162019636441       1.3337910132125277
0.745571588040074         0.9482457376270267       1.3332759585559455
0.7457537455661201        0.9471806713475808       1.3254322257056539
0.7459048401790267        0.946285083606241        1.3186217656940997
0.7459461737089594        0.9460450144132695       1.3167435943236199
0.745996030536185         0.9457551454839984       1.314405456749453
0.7461029021488046        0.9451462569764253       1.3094535507300302
0.7462065444859856        0.9445600104528981       1.304462629840373
0.7462721055893857        0.9441934136740247       1.3013216069555873
0.7463397094377366        0.9438196032213045       1.2979601842246211
0.7464413090299669        0.9432672337159791       1.2929481347139373
0.7465398386482369        0.9427395970113058       1.287909807596947
0.7466105124705478        0.9423655961489505       1.2843130224420274
0.7466467120364735        0.9421781900310486       1.2824098541617608
0.7467614715480553        0.9415902825495899       1.2764058311214028
0.7468174273537509        0.9413117324572877       1.2733916528382878
0.746912430625563         0.9408436998930663       1.2682984404649267
0.7469881426710283        0.9404831796932409       1.2641228487399405
0.7470764303337769        0.9400688144788805       1.2592679102940925
0.7472060261416027        0.939483568052137        1.2519240853689297
0.7472535512615015        0.9392730363423085       1.2492354126043066
0.7474013049131205        0.9386461082885752       1.2406480183084863
0.7474017925926           0.9386440639779414       1.2406198385775271
0.7474019292161083        0.938643515623518        1.2406117453153414
0.7475500339236989        0.9380643359838318       1.2318597613416602
0.7475917003871624        0.9379097234462905       1.2293374435973203
0.7476982752547974        0.9375250818127425       1.2229013420461947
0.7477814715582161        0.9372432674130369       1.2177580801940937
0.7478701031693684        0.936952129125719        1.2122495425694861
0.747940522019648         0.9367429941193601       1.2078191701478311
0.7480941258571379        0.9363046619176358       1.198004329040783
0.7480947015102422        0.9363030258771209       1.1979678076155362
0.7480949654153008        0.9363023063907502       1.1979508054311858
0.7482488810008361        0.9359417003569297       1.1879398919107562
0.7483198276612333        0.9357851073902275       1.1832567569723669
0.74840306049143          0.9356347634836971       1.1777123922863861
0.7485109759144095        0.9354553739901352       1.1704754560706725
0.74864286744062          0.9352868650124859       1.1614077862873948
0.7486823111151932        0.9352410841799023       1.158699317184417
0.7488264982167494        0.9351602876543353       1.1485252331893823
0.7489479617944899        0.9350940662203766       1.1400161272439033
0.7490007744991312        0.9351089486624353       1.1362031186132766
0.7492136124737865        0.9351916093485767       1.1208093365565106
0.7493819308396679        0.935410801323785        1.1082880638812949
0.7494792631530833        0.9355483140814552       1.1010358318308064
0.749703117074171         0.9360888443624593       1.0839144660708089
0.7497452818640999        0.9361902304739383       1.0807118459244351
0.749757509178641         0.9362310602379922       1.079763102961536
0.7500139399489061        0.9371545255646192       1.0597089543830116
0.7500354507700309        0.937250187060959        1.058012445816105
0.7502871008977023        0.938482283435642        1.0378794926026071
0.7503133923614214        0.9386344696551295       1.0357606111497661
0.7505602618464986        0.9401862248723022       1.0155996156107894
0.7505913339528114        0.9404106929789109       1.013046397163272
0.7508334227952949        0.9422917304990952       0.9929105313969846
0.7508600642665992        0.9425215310669237       0.9907031505815767
0.7510703535453944        0.9445220419661167       0.9729025114700417
0.7511557092665555        0.9453282972883224       0.9656968862769805
0.7511670794936793        0.9454453587665042       0.9647164438927596
0.7514492649617113        0.9486518862942467       0.9406293395655669
0.751499739713781         0.9492732708075983       0.9362381138899034
0.7517428206568673        0.9525254274989805       0.9153281094244691
0.751832399933883         0.9538174886568771       0.9074933608021813
0.752036376352023         0.9569770144027145       0.88987789016195
0.752198277631188         0.9597065898388061       0.8757478618260357
0.7523646181065118        0.9626434313468487       0.8614495097975512
0.7526107711218226        0.9674411168039961       0.8401172608682983
0.7526648954436219        0.9685210204911733       0.8355270041652988
0.752809725815295         0.9716905288150539       0.8232050664109123
0.7529651727807316        0.975062444229847        0.8099732123644446
0.7530232646124573        0.976440148712291        0.8050341773356511
0.7532654501178417        0.9822798136788216       0.7849205457950053
0.7535294982681768        0.9892917621700674       0.7633869453988499
0.7536496994826414        0.992509072386641        0.7538084236261722
0.7538306223156521        0.9978451833613415       0.7399979714975131
0.754033948847441         1.0037985729366012       0.7243595686198725
0.7541690345944814        1.008131621720896        0.7145519879606992
0.7543763869865396        1.014764589533829        0.699756330823687
0.7546055331149115        1.0226539177342489       0.6845490950284401
0.7546961568857515        1.0257897066488566       0.6785154766207302
0.7549037611750353        1.033421982593582        0.6661225357428617
0.755059520471336         1.0391230604905497       0.6568459218216957
0.7551075366822915        1.040983226504832        0.6543778899080908
0.7553763045012938        1.0514770863082978       0.6403650658988632
0.7554208779310037        1.0532974427005293       0.6384453830440787
0.755685996118411         1.0641619504192044       0.6266932940375254
0.7557342191797156        1.066220268129991        0.6250221107839942
0.7559956877355283        1.0774282450600017       0.6156608588231121
0.756239821158013         1.0883231652814158       0.6091153629925711
0.7562903238044223        1.0905677639131994       0.6078148441165768
0.7565323881598696        1.1017423712817298       0.6035647299767939
0.7565849598733168        1.104157883796306        0.6026901401152316
0.7568249551617259        1.1155907132553358       0.6007714258799681
0.7569113386112591        1.119723680571653        0.6004056588570159
0.7573523628862129        1.1415718211203734       0.6027515746467248
0.7573771386924801        1.1428148259766069       0.6030469591907649
0.7574688020206881        1.1475211359124562       0.6047727678577877
0.7576726255574726        1.1579707219592958       0.6085241112592477
0.75770899969126          1.1598632305331191       0.6093463758103119
0.7579681124224644        1.1734668415798106       0.616818292433831
0.7580572188310879        1.1782117116122977       0.6197585043953233
0.7582635992874565        1.1892841120970221       0.6277574332085707
0.758405437970916         1.1969982937099486       0.6338305066081422
0.7586776386039122        1.2119784983068227       0.6474767332137512
0.7587780778698063        1.2175363899399327       0.6526237019792803
0.7589562373923224        1.2275492055533905       0.6631283886194861
0.7590638387163455        1.2335921380472703       0.6695232697320328
0.7591245000710771        1.2370468916845199       0.6735511503153088
0.7593495995628852        1.2498749947412198       0.6883618047278512
0.7595713615382418        1.2626780619260176       0.7043798776299058
0.7596353604094246        1.266376013640736        0.7089700438330071
0.7597046180167537        1.2704368406998143       0.7144004396912419
0.7600510910377738        1.2907244126673916       0.7417776070160809
0.7601881977338865        1.2988737269793007       0.7534984054336059
0.760466821666123         1.3154054680577132       0.7774315520343311
0.7606717774510199        1.3277307314812339       0.7961767651064788
0.7608898669316673        1.3408282936957536       0.8162113688905455
0.761233134911389         1.3617026658699198       0.8494199913389571
0.761320024892365         1.3669796444657394       0.857856444943721
0.7614094755007426        1.3724538422465526       0.8668478529889336
0.7616250166359766        1.385648372229503        0.8884692921829767
0.7618658966264007        1.400472912354192        0.9132502513171545
0.7619300083795881        1.4044136453685214       0.9198513076366315
0.7619873760340767        1.4079557160726999       0.9258827083782616
0.7623200136927042        1.4285274520147713       0.9609490353104161
0.7625768549435021        1.4444538341060256       0.9885382710242109
0.762729714299196         1.4539551456009967       1.0050485135722362
0.762982389703303         1.4696702391355163       1.0326440054478043
0.7630702186067457        1.4751468278819326       1.0422935507741826
0.763323526100834         1.4909215487536622       1.0702677989350025
0.7634107229142948        1.4963652947228774       1.0799501869271437
0.763664662498365         1.5121891794672442       1.1082437243276793
0.7637687442895318        1.5186884899040431       1.1199023107947346
0.7641018190848012        1.5394291308913624       1.1572660678651532
0.7641781523810169        1.5441921111901877       1.1658758001452802
0.7643605405375544        1.5555379088263876       1.1864265486378394
0.7643917025029687        1.5574771800948615       1.1899387964296404
0.7643997107186153        1.5579740293126587       1.1908391538685952
0.7646052526249205        1.5707503223891646       1.2140572808143109
0.7646681404158828        1.574646737337956        1.2211409369041357
0.7648188027468721        1.5839983925838967       1.238186694462991
0.7649365701131501        1.591283318209606        1.2514685805080785
0.7651357645972652        1.6035865793603779       1.2739535627049436
0.7652078885661249        1.6080519165622769       1.2821141344722677
0.7654255946760435        1.6214611707219218       1.3066705797215339
0.7654665263136027        1.6239819297067717       1.3112867999795803
0.7654792205044627        1.6247610443619944       1.3127134181773084
0.7656736709364138        1.636700530983605        1.3346174613196564
0.7657506072034366        1.6414077356095143       1.3432515284428512
0.7658808155592245        1.6493771704733435       1.3578955873514738
0.7660182823499644        1.6577499213718752       1.3732726923735776
0.7662567479817552        1.6722361845102676       1.3999154036618142
0.7662936674922234        1.6744838981905894       1.404050905958532
0.7663436265464201        1.677499401979714        1.4096023475625807
0.766616378859371         1.6939511003801313       1.4398784661464301
0.7668179415597698        1.7059979930000893       1.4620567515910108
0.7669390902265183        1.7132597980484205       1.4754348946750098
0.7671030271999828        1.7229931922396284       1.4933704076877852
0.7672618015936661        1.7324124841204953       1.5107206025862694
0.7673444340969957        1.7372615014101664       1.5196491898047282
0.7675072775609921        1.746852286950022        1.5373241844252816
0.7677396563716856        1.760381295482508        1.5622417670213606
0.767752753528318         1.7611466816380505       1.5636527043242312
0.7677742234212999        1.7623866074178576       1.565936937180667
0.767998229495644         1.7753155734765107       1.5897464499193892
0.7681348786463755        1.783106403451041        1.6040835327716567
0.76825903462081          1.7902105645162165       1.6171702604156324
0.7684536962734294        1.8011911197110004       1.6373703699916626
0.7685189026482908        1.804881268264383        1.6441666444812548
0.7687422883245025        1.8173084682215122       1.667016174247706
0.7687787706757716        1.819344912166563        1.6707649596027057
0.7690308803755759        1.83317172117465         1.6961750142575647
0.7690386387032522        1.8335987287190256       1.6969607022612303
0.7691088287761483        1.8373924230008432       1.7039291053829744
0.7692909389838172        1.847244607554047        1.7220257861218837
0.7693073281779053        1.8481211859642843       1.7236336255113178
0.7693330589937242        1.8494829134527249       1.7261311513123458
0.7695263673396742        1.8597771070542444       1.7450280143420436
0.7697137328309449        1.8695545707002765       1.7629568610554656
0.769749883706047         1.8714533801377369       1.7664420777426066
0.7698012990934315        1.8740987039524053       1.771292417234178
0.7699734000724197        1.8829542470787821       1.787520388440879
0.7700944066681659        1.8890493660952465       1.7986778427644148
0.7701969164387923        1.8942484952525291       1.8082050705904567
0.7703306395861931        1.9008774946724525       1.8203382910421042
0.7703647159484324        1.9025691154082371       1.8234331404940882
0.7703821071713075        1.9034132024392385       1.8249754476840014
0.770532515458072         1.9107733220311323       1.8384409600334686
0.7706355448910944        1.9157006054430963       1.8474443402527914
0.7707123039397525        1.9193997310521127       1.8542123480390842
0.7708436977737327        1.9255659389539184       1.8654781884260996
0.7709111632185719        1.9287442032597846       1.8712833075946778
0.7709460473967631        1.9303456404067125       1.8742041616530782
0.7710956659120045        1.9372649891835738       1.8868424533000128
0.7712248814515066        1.943069510827308        1.8974279245717982
0.7712801686054374        1.9455720567320323       1.9019985174866783
0.7713883047403425        1.9503230327473653       1.9106623414342025
0.7714629756931104        1.9536191589239875       1.9166714627672832
0.7715269949727159        1.956372832578217        1.921687238342532
0.7716433817788697        1.9613979253638494       1.9308490740387854
0.7717834550947271        1.9672767415517514       1.9415529117477244
0.7718312995737517        1.9692932706559774       1.945229862406249
0.7719030762716841        1.9722143525471836       1.9505483540442605
0.772029165273755         1.9773945462853741       1.9599786792915164
0.7721132129213701        1.9807252697166033       1.966032648789891
0.772227030973758         1.9852573690478836       1.9742825370015087
0.7723977817924952        1.991807709263091        1.9861884654918711
0.7724248966737612        1.99285837007744         1.988097818952986
0.7724405928404525        1.9934434994565147       1.9891590194945812
0.7727004760423735        2.003077623145818        2.0066609898269743
0.7727269662249272        2.0040211602742177       2.0083710996608626
0.7729760554109861        2.0128427257316273       2.0243895990180345
0.7730133396094019        2.0141089417236313       2.0266834351801175
0.7732229444058267        2.02120659830969         2.039562890970159
0.773286474421599         2.023257367630608        2.043274490870114
0.7734653444402428        2.029032881785314        2.053746413282354
0.7736540945346757        2.0348230780696546       2.0642311322838442
0.7736988165853187        2.0362055136604127       2.0667370444430313
0.7737321290943917        2.0371771149929216       2.0684965880848623
0.7739322887303943        2.0430971059860763       2.0792109588811303
0.7741395096993731        2.0488652594433256       2.0896402999007577
0.7741709663643097        2.04974918733654         2.0912372729851314
0.7742055918972466        2.050656877044185        2.092876694331208
0.7744507349740128        2.0571882909549073       2.10468504772629
0.7746088416173305        2.06110447811335         2.1117589474099496
0.7747231567601689        2.0639401108520845       2.1168750097242097
0.774987895782485         2.070077705881416        2.1279449214544313
0.774995578546325         2.0702560788308695       2.1282662134292
0.7750152062829239        2.070680276281032        2.129030152467252
0.7752656160960554        2.0761602515054323       2.1389041294513813
0.7753628095811675        2.0781263239048138       2.142445568862625
0.7755354685260627        2.0816309520810687       2.1487502608034674
0.7757406434550067        2.0854867784202313       2.1556857245229324
0.7758196886204096        2.086968308645009        2.158347023857896
0.7760370974167834        2.0907068989455784       2.1650537335516007
0.7761153857058425        2.092070419150886        2.1675006546568683
0.776143849645025         2.092522607907116        2.168311168671246
0.7764110827912747        2.0967693498792257       2.1759198615537514
0.7765470558350438        2.0987260133018695       2.1794221442219324
0.7767067798767073        2.101025488358649        2.1835358702483574
0.7769673163032134        2.104408278605736        2.1895772491203758
0.7769893140683497        2.104696435209542        2.1900918538428518
0.7770310504154903        2.10518532579621         2.190962085096612
0.7772718482599921        2.108058798550993        2.1960772723331177
0.7773987643605034        2.109400557311165        2.1984572086874623
0.7775503214624879        2.111026200383192        2.201344623037561
0.7778242829731528        2.1136260069882744       2.2059521184091766
0.7778254826791928        2.113637600746158        2.2059726481666115
0.7778262454019784        2.1136439869528307       2.205983888305452
0.7780932432338452        2.115933169651906        2.2100250587606083
0.7783174035641691        2.1176147556563767       2.2129808242768583
0.7783610037884974        2.117950518670501        2.2135729835074747
0.7784132622722739        2.1182994001487803       2.2141858876388314
0.7786364358610862        2.1198106423864544       2.2168315579829336
0.7787966344590067        2.1207147776464867       2.218401045207132
0.7789137282494201        2.1214121234346393       2.219620539122024
0.7790453926058514        2.12207788511577         2.220780559240537
0.779192312118707         2.122819760242385        2.222062768658102
0.7793515532237172        2.123490163509726        2.2232099359906807
0.7794659452848041        2.124002579045018        2.2240963832932628
0.7795789456681392        2.124427816496345        2.2248287950527175
0.7797329726424016        2.124994759348992        2.225789859677078
0.779888896565214         2.1254639922620964       2.2265793254615973
0.7799999999999998        2.1258271897139642       2.2272022115818455
0.7801067175932441        2.1261155565265017       2.2276936951387794
0.7802534729255413        2.126496780699898        2.228325933260071
0.7803950959288188        2.1267966231974627       2.228815146727422
0.7805069458510825        2.1270645543716196       2.2292671561991217
0.7806228491445399        2.1272912907942008       2.2296465098386737
0.7807705723416325        2.127555080864475        2.230067204466253
0.7809001316120647        2.127733457714154        2.230345464231637
0.7810427532755357        2.1279709280972936       2.2307375995162975
0.781168055110185         2.1281417320785865       2.2310206948142106
0.781311564063206         2.1282946155542826       2.2312453396570384
0.781525830088502         2.1284996135828775       2.2315580894789293
0.7815773093621077        2.128558195957296        2.231652973497222
0.7816188592863589        2.1285999328924086       2.2317226048828402
0.7818310126231416        2.1287545588439585       2.2319415997504315
0.7820773313900733        2.1289091480278337       2.2321707285885672
0.7820847158841753        2.128911661108385        2.2321726297700852
0.7820977038921257        2.1289169333850686       2.23217902023887
0.7823246423831431        2.1290289972672753       2.232333449988934
0.7824207658178821        2.129082018025997        2.2324193765160287
0.7825966241694726        2.1291142806964345       2.2324284149923166
0.782844822652647         2.129197116322567        2.232544147706196
0.7828900329284416        2.1291965376745488       2.2325296254644056
0.7829915659271693        2.129213244335024        2.232544993346006
0.7831834416874104        2.129252858925915        2.232590474684653
0.7832379888071122        2.12927546935708         2.232632327976479
0.7834309841362237        2.1292848628887273       2.2326181427116407
0.7835087246983203        2.129308726057553        2.2326615640399408
0.7836785265850368        2.129298078618054        2.2326116125513362
0.7837794605895285        2.1293190853633703       2.2326485756128105
0.7841206048610867        2.1293099270559703       2.2325943964040036
0.7841250350230202        2.12931064381899         2.232595696285419
0.7841316787962604        2.129311127571106        2.2325964752975724
0.7844706094565121        2.1293137241245708       2.2325820811816244
0.7846966132129316        2.1292960934302414       2.2325335758672993
0.7847789526986155        2.129298012919189        2.232535794422357
0.7848382376498793        2.1293039345294975       2.232549489311461
0.7850169242633491        2.1292756710582568       2.2324815460520657
0.7852592592150347        2.1292868777825165       2.2325115302084173
0.7853639151018821        2.1292624321338374       2.2324554249422164
0.7856388247037303        2.1292492742502795       2.2324344548434234
0.7857251544368828        2.129228722742906        2.232389083963582
0.7860183901924258        2.1292163202548324       2.232376212843427
0.7860863937718838        2.1292002344562238       2.2323419841596346
0.7863979556811216        2.129190826015675        2.2323425190158144
0.7864476331068846        2.1291794936178423       2.2323193421203085
0.7866367559036553        2.1291653609959584       2.2323026322953026
0.7867881221229125        2.129157607899468        2.2322976714678013
0.7868347834654217        2.129158497584306        2.232304578637451
0.7870683681831963        2.1291321109204686       2.2322657018349767
0.7871611762400395        2.1291307438201392       2.2322729947407534
0.7873390473529347        2.1291088354046          2.2322407495325103
0.787487569014657         2.129105610978887        2.2322512377856376
0.7876097265226731        2.129089474719887        2.232227594482884
0.7878780606258085        2.129064788975886        2.2322043571801395
0.7879964441736313        2.1290603553612812       2.2322096275147336
0.7881350717795785        2.129053723436156        2.2322141396099084
0.7883831618245893        2.129029170229373        2.2321919076742223
0.7885950227992287        2.1290058570086696       2.2321699149427783
0.788769879475548         2.1289965634795696       2.232175559467284
0.7889746373398612        2.128983990617028        2.2321805469325677
0.789121158596717         2.1289735292019234       2.232180450915617
0.7891720967076743        2.1289646582457475       2.2321681185398616
0.7893161696220619        2.1289520615366584       2.232164108114718
0.7894679392460486        2.128943691875543        2.2321716465947152
0.7895321628244358        2.1289413229918734       2.2321783451211683
0.7897941450986647        2.1289196277689606       2.232176271996839
0.7899964075454065        2.1289065705240957       2.2321856118773726
0.7901203509512809        2.128892784617844        2.2321772563584137
0.7904132471831258        2.1288657375515307       2.232173795337791
0.7904465568038967        2.1288637978229454       2.2321761524570602
0.790497130402229         2.1288598490667288       2.232177706991895
0.7907084873266441        2.1288428224844673       2.23218288701699
0.7907479251618867        2.1288376556924433       2.2321792976285595
0.7909704178493913        2.1288226632336706       2.232193390853891
0.7910587302262644        2.1288122058056134       2.2321886658541277
0.7912323483721386        2.128802857692748        2.2322064759000306
0.791369535290642         2.1287884330271023       2.2322044726536374
0.7917289877299607        2.1287644892225854       2.2322344644445726
0.7917977794655986        2.1287577907886446       2.232235253432183
0.7918516680383088        2.1287517601622823       2.23223433807875
0.7920918280429956        2.12873376742074         2.232252157237979
0.7923760619907194        2.1287083539595386       2.2322650866692673
0.7923858766203924        2.128707844675436        2.232266434199262
0.7923984055365596        2.128707021106826        2.2322678154918525
0.7926799251977894        2.128683819305517        2.2322875239497546
0.7928381114968139        2.128665196673206        2.2322862702012047
0.7930581897099946        2.1286490563848965       2.2323084028014106
0.7932142583167716        2.1286324407562414       2.232312580822579
0.7936202761450295        2.1286040501269414       2.232360727625065
0.7938065290690783        2.1285846300253546       2.2323685601586836
0.7943114776118467        2.1285429873592365       2.2324203100988607
0.7943987998213851        2.1285327211062937       2.23242248138143
0.7949215736736945        2.128482742248055        2.232466597172459
0.7949910705736916        2.1284761465225794       2.2324725452563827
0.7950026790786633        2.128475315862462        2.232474262006684
0.7953429279263957        2.1284457272122834       2.2325124571567034
0.7956364928358726        2.128417640009455        2.2325412240603972
0.7957013785712255        2.128411156549418        2.2325469358050443
0.7957191914298227        2.1284092655213858       2.2325483334561094
0.7962742761102997        2.128359847980614        2.232615019529716
0.7964107858578102        2.128345835091272        2.232627789035393
0.7968583876495765        2.128305064711765        2.2326834774087376
0.7971023802857982        2.1282795410794035       2.232707430101567
0.7974424991888533        2.1282479579220075       2.232751164389562
0.7976571094622715        2.1282259667800147       2.23277442890072
0.7978744149063031        2.1282063268351408       2.2328046690649037
0.7980793956778294        2.128185933354728        2.2328291444205783
0.7986117215754267        2.12813449028237         2.2328978858798902
0.7986682638334013        2.1281291685112236       2.232905487392898
0.7987307564799799        2.1281234277457943       2.232914509515609
0.799257131988973         2.1280726799321164       2.232985263332937
0.7997333873798149        2.1280267714396763       2.2330501318077074
0.799842005826052         2.1280164790847276       2.2330652949409098
0.7999025867874154        2.1280109375590563       2.233074396597613
0.8004099871223993        2.1279612714017744       2.233143802636599
0.8007110410486138        2.127933733812297        2.233188945436898
0.8011399993347756        2.1278914610896043       2.233246190205483
0.8013299666715958        2.1278738267425394       2.233274042813535
0.8019048388510679        2.1278194041210483       2.2333561151870174
0.8019488922945779        2.127815414569438        2.2333627084238907
0.8021357545895265        2.1277978454485797       2.2333889125715776
0.8025836287210626        2.127755675632078        2.233451634338017
0.8026911042415275        2.12774549843028         2.2334665047539364
0.8032252031336382        2.127697468527375        2.2335452703414003
0.8034229168530072        2.1276791962990638       2.23357268464496
0.803791859676732         2.1276458684321815       2.2336243368240805
0.8038410093770894        2.1276413891169392       2.2336310656860356
0.8039460464651114        2.1276320993055027       2.2336457809450807
0.8043306504150138        2.1275982187956153       2.2336999092890286
0.8044819651749906        2.1275851006743465       2.233720651687457
0.8048442975767123        2.127553345844114        2.2337698793017586
0.8051976965768668        2.1275233503400903       2.2338178931667465
0.8053579447384109        2.127509555065492        2.23383935206555
0.8054658317566823        2.1275004625262834       2.2338535570351863
0.8057716329551734        2.1274750783379863       2.233894305127591
0.8059476976706959        2.12746066004651         2.233917328646977
0.8061853211719361        2.1274415275506353       2.233948831435276
0.8064295635847096        2.127421945531607        2.2339799133078735
0.8065990093886986        2.1274086531339034       2.2340019538508766
0.8069114294987234        2.1273843895130606       2.234041263154994
0.8071810232241352        2.1273639725636664       2.234074446925168
0.8074807121623222        2.1273411847620114       2.2341105484729957
0.8078312429084233        2.1273153242844303       2.2341513944559557
0.8079327730970334        2.127307963782467        2.2341633249532697
0.808019577107115         2.1273018202902905       2.2341729837495947
0.8083848340317445        2.1272757833048175       2.2342139274005204
0.8088120562812           2.1272466422867047       2.2342608498307044
0.8088368949664559        2.127244984133995        2.234263610186185
0.8095101360475769        2.127200696318403        2.234331033752817
0.8096057651095858        2.1271945397775345       2.2343404170094914
0.8102008696664544        2.127159103972716        2.23439792918154
0.8104335434313399        2.1271453419577084       2.234418086267542
0.8112809615573013        2.1270982843438357       2.234485292669415
0.8114630678311887        2.1270889663579964       2.234499228071496
0.8123610534481482        2.127047348402219        2.2345639767108305
0.8124925922310378        2.1270417966962714       2.2345729031548496
0.8134406364088986        2.127002665475945        2.234619632430459
0.8135252180242027        2.126999566052736        2.234623500846993
0.814520148794744         2.1269692154852358       2.23466614604187
0.8145585896300536        2.126968060200868        2.2346671079482263
0.8154359577319621        2.1269457616648175       2.2346818084894426
0.8156116463810035        2.126941285043957        2.23468479712566
0.8156193439692889        2.1269411343048326       2.2346848938667363
0.8166647031319529        2.1269264573751014       2.2346953277436254
0.816723837095378         2.1269256615319043       2.234694469063105
0.8178853557291081        2.126916211599426        2.2346729137039723
0.8179312030383048        2.126916232462472        2.2346719945068307
0.8191060083262631        2.126922647867777        2.234642579015273
0.8191385689812318        2.1269230176290375       2.2346414436040996
0.8201017074939412        2.126933399508243        2.23459060000784
0.8201771434208711        2.1269348739404856       2.234586566983677
0.8210912416244356        2.126955383142605        2.2345359016499176
0.8213132386089179        2.1269601937662865       2.2345151476552294
0.8223265622864346        2.126985408123047        2.234422754507529
0.8231654828687913        2.1270211933108456       2.2343599377742196
0.8235618829484335        2.1270386724825068       2.2343290765318153
0.8243556298734771        2.127077771947441        2.2342501428644974
0.8247972036104323        2.127098878487922        2.2342054014939676
0.825017727128665         2.1271133277292975       2.234187573232286
0.8257822008314013        2.127159947547776        2.234113240656851
0.8262918662428405        2.127187527309471        2.234037551203352
0.8274718092448139        2.127235310363311        2.233795648561904
0.8280086968028815        2.127270697966276        2.2337153608270817
0.8293301145048257        2.127384949366413        2.233586761771173
0.8297255273629225        2.1274153331485457       2.233528002346477
0.8311884197648378        2.1275207051545744       2.233273468660516
0.8314423579229637        2.127545202434916        2.233245168849645
0.8330467250248497        2.1277193514719          2.2331173317015773
0.8331476159101447        2.1277284477239213       2.2331028851492234
0.8348076470245487        2.1278503194898035       2.232772034278386
0.834893994641329         2.12785778135763         2.2327585552588154
0.8365840435515508        2.1280369857166175       2.2326091928943987
0.8366403733725132        2.128042392624317        2.2326027385925764
0.8383604400785536        2.128189176499048        2.232363016832195
0.8383867521036972        2.128191913424525        2.232361178530409
0.8399175360880813        2.1283677264758043       2.2323272312979383
0.8401328020654308        2.1283924675933275       2.2323224814359777
0.840136648903639         2.1283928283219353       2.2323221951245036
0.8404924926425341        2.1284169573489846       2.2322738165123868
0.8419538007773149        2.1285161120039406       2.2320752052184627
0.8419696512963042        2.1285173280827787       2.232073824506545
0.8437705151783423        2.1286920984910176       2.2320828433329716
0.8438060712374753        2.1286950639616364       2.2320822947314416
0.84558722957937          2.1288131267262345       2.2320110032759786
0.8456424911786462        2.128817695820639        2.23201308680657
0.8474039439803975        2.1289782471744667       2.2321841619426035
0.8474804545801262        2.1289829263677142       2.2321865447209333
0.8493940745090651        2.1290295970641746       2.2320929354193892
0.8494561916898569        2.12903166754987         2.2320936014385095
0.8513891377851472        2.1291437753654563       2.232343889610886
0.8514319287995873        2.129145459034169        2.232348216318815
0.8533842010612291        2.129174406025696        2.2324702150049913
0.8534076659093177        2.129175186241554        2.2324737795809275
0.8553792643373113        2.129259353797046        2.232908426385758
0.8553835952841147        2.129259367630148        2.232908964814169
0.855959448296975         2.1292337806657757       2.2329142971511757
0.8574963157297324        2.1291656268995864       2.232928754181812
0.8575081420111648        2.1291652449540717       2.232929686952749
0.8596088659081806        2.1291556213879064       2.233337646738
0.8596369483821893        2.1291547645289834       2.2333415468515367
0.8617214160866296        2.1290404312530793       2.23351756063149
0.861765754753214         2.1290392391799684       2.2335262822892834
0.8638339662650782        2.1290085439788715       2.2340513701114326
0.863899772068156         2.129004571519288        2.234059521970489
0.8657976745470704        2.128822819138342        2.234100493233351
0.8658471645651669        2.1288185379327174       2.234103469421583
0.8677511821383004        2.128689150071058        2.234335413107354
0.8677945570621777        2.128685191874883        2.234337641503816
0.8697046897295306        2.128487584918634        2.2343610692759586
0.8697419495591885        2.1284850490270224       2.2343656736510704
0.8716581973207611        2.1283669721835228       2.234636019370653
0.8716981384124716        2.128362913607501        2.234636005048797
0.873407548359538         2.128171924078879        2.2345748548759974
0.875130737829799         2.127988310295978        2.23450138579523
0.8751447413113003        2.1279869783660055       2.234501276397863
0.8751586328136478        2.1279852462855424       2.2344994722980713
0.8768819342630623        2.127789120432185        2.234337114491746
0.878619127214824         2.1276592485538903       2.234334812615198
0.8799094329606911        2.127525091351399        2.2341714212914305
0.8811912636932118        2.1274281822729755       2.2340875841330585
0.8811997387065582        2.1274276431656824       2.2340873657645153
0.881208269753708         2.1274270261450305       2.23408665272286
0.8824900444524251        2.1273502622397675       2.2340275300867534
0.8837634001715993        2.1272691151533736       2.233914155047154
0.8837974688447738        2.127266741762194        2.2339099789960324
0.8850713862158213        2.127167917671202        2.233698792329902
0.8863537262798562        2.127066100542496        2.2334393072009204
0.8863622610898814        2.127065518360462        2.233437894407371
0.8863707398413876        2.127064905784011        2.2334361248275822
0.8876531359639412        2.1269870101410726       2.2332130929379193
0.8889440108380013        2.1269511983489875       2.2330862616335674
0.8910901276437315        2.126825543777942        2.232585372155963
0.8932050613859981        2.12685675805586         2.23249876572561
0.8932362444494617        2.12685748250602         2.2324983566758205
0.8932678872830957        2.12685721911825         2.232493601050898
0.8953823612551919        2.126861362657953        2.232241898301488
0.8974661119339953        2.1269818502385607       2.2322976899041858
0.8975417005453643        2.1269853133406644       2.2322966752094917
0.9001132276946113        2.126932307696775        2.2316607989151427
0.9001875237293571        2.126931840607995        2.23164560213393
0.9027617199962719        2.127183770282462        2.231939600145672
0.90283334691335          2.127190383852942        2.231946390041613
0.9054102122979331        2.127289796959192        2.2317338090135213
0.9054791700973435        2.127294247710403        2.2317337253925715
0.9080587045995938        2.1276826155110795       2.23243310053939
0.908123873367922         2.127690420559618        2.232444483318697
0.9109754522574984        2.12773014931381         2.2320160759040952
0.9110343944783652        2.127731755872705        2.232009840405629
0.9139003108048227        2.1281510500121477       2.2328304664190366
0.913944915588808         2.1281572614460096       2.2328423421075927
0.9168251693521474        2.128308766216779        2.2328712762068417
0.9168554366992512        2.1283111796467686       2.232874234179037
0.9197500278994721        2.1288797149460548       2.2342896645755306
0.9197642638338657        2.1288817775834468       2.2342943320598696
0.9197780819792023        2.128882012405731        2.23429361665183
0.9223230570930363        2.1288230169031586       2.233836638874216
0.9248750159175911        2.128994769686624        2.234184633841275
0.9248820380620242        2.1289952700648573       2.2341856501504753
0.9248890409896013        2.128995220061912        2.234185113054151
0.9274410190310121        2.128987247852745        2.2340115059235774
0.9299999999999999        2.129152772058631        2.234453990695091
